0 0.29270833333333335 0.6842592592592592 0.00625 0.03148148148148148
0 0.21145833333333333 0.7027777777777777 0.008333333333333333 0.03518518518518519
0 0.25729166666666664 0.6296296296296297 0.00625 0.025925925925925925
0 0.2765625 0.5833333333333334 0.005208333333333333 0.022222222222222223
0 0.2921875 0.5990740740740741 0.005208333333333333 0.024074074074074074
0 0.29739583333333336 0.6027777777777777 0.005208333333333333 0.024074074074074074
0 0.36041666666666666 0.4425925925925926 0.004166666666666667 0.014814814814814815
0 0.4234375 0.42314814814814816 0.003125 0.009259259259259259
0 0.4869791666666667 0.43425925925925923 0.003125 0.009259259259259259
0 0.5380208333333333 0.4305555555555556 0.003125 0.016666666666666666
0 0.4979166666666667 0.41759259259259257 0.0020833333333333333 0.009259259259259259
0 0.38697916666666665 0.46296296296296297 0.005208333333333333 0.018518518518518517
0 0.39375 0.5342592592592592 0.004166666666666667 0.016666666666666666
0 0.40572916666666664 0.5296296296296297 0.003125 0.014814814814814815
