0 0.5729166666666666 0.8939814814814815 0.01875 0.07314814814814814
0 0.19479166666666667 0.2111111111111111 0.007291666666666667 0.037037037037037035
0 0.05651041666666667 0.30787037037037035 0.0109375 0.04351851851851852
0 0.07057291666666667 0.3 0.0109375 0.037037037037037035
0 0.016145833333333335 0.31851851851851853 0.009375 0.040740740740740744
0 0.01796875 0.31157407407407406 0.013020833333333334 0.03981481481481482
0 0.16484375 0.2810185185185185 0.009895833333333333 0.03981481481481482
0 0.1796875 0.26064814814814813 0.00625 0.021296296296296296
0 0.18072916666666666 0.2569444444444444 0.008333333333333333 0.032407407407407406
0 0.184375 0.25787037037037036 0.008333333333333333 0.026851851851851852
0 0.12734375 0.38333333333333336 0.011979166666666667 0.03333333333333333
0 0.578125 0.5037037037037037 0.013541666666666667 0.05185185185185185
0 0.5229166666666667 0.27037037037037037 0.00625 0.027777777777777776
0 0.4015625 0.11018518518518519 0.004166666666666667 0.018518518518518517
0 0.4041666666666667 0.10601851851851851 0.004166666666666667 0.021296296296296296
0 0.4044270833333333 0.1050925925925926 0.0026041666666666665 0.010185185185185186
0 0.42682291666666666 0.05925925925925926 0.0036458333333333334 0.020370370370370372
0 0.496875 0.033796296296296297 0.004166666666666667 0.019444444444444445
0 0.5 0.03564814814814815 0.003125 0.017592592592592594
0 0.50703125 0.02824074074074074 0.0026041666666666665 0.01574074074074074
0 0.6229166666666667 0.05648148148148148 0.005208333333333333 0.011111111111111112
0 0.6091145833333333 0.0712962962962963 0.0036458333333333334 0.018518518518518517
0 0.7598958333333333 0.022222222222222223 0.00625 0.020370370370370372
0 0.5190104166666667 0.02638888888888889 0.0015625 0.017592592592592594
0 0.5138020833333333 0.013888888888888888 0.0026041666666666665 0.012962962962962963
