0 0.4415441176470588 0.2 0.003676470588235294 0.023529411764705882
0 0.43823529411764706 0.2 0.0058823529411764705 0.018300653594771243
0 0.4224264705882353 0.22483660130718955 0.005147058823529412 0.023529411764705882
0 0.4275735294117647 0.22679738562091503 0.005147058823529412 0.02483660130718954
0 0.3720588235294118 0.2477124183006536 0.004411764705882353 0.02483660130718954
0 0.580514705882353 0.0934640522875817 0.0022058823529411764 0.011764705882352941
0 0.5783088235294118 0.1084967320261438 0.003676470588235294 0.01045751633986928
0 0.5768382352941176 0.12941176470588237 0.003676470588235294 0.013071895424836602
0 0.5683823529411764 0.14967320261437908 0.0029411764705882353 0.01437908496732026
0 0.6154411764705883 0.22287581699346407 0.004411764705882353 0.027450980392156862
0 0.6 0.169281045751634 0.004411764705882353 0.0196078431372549
0 0.6698529411764705 0.2235294117647059 0.004411764705882353 0.023529411764705882
0 0.6731617647058824 0.23398692810457516 0.005147058823529412 0.026143790849673203
0 0.6753676470588236 0.24313725490196078 0.005147058823529412 0.02875816993464052
0 0.6246323529411765 0.29411764705882354 0.009558823529411765 0.03137254901960784
0 0.6433823529411765 0.29215686274509806 0.007352941176470588 0.027450980392156862
0 0.6419117647058824 0.2973856209150327 0.010294117647058823 0.027450980392156862
0 0.98125 0.9444444444444444 0.021323529411764706 0.07450980392156863
0 0.8238970588235294 0.3359477124183007 0.008088235294117648 0.03137254901960784
0 0.6393382352941176 0.48562091503267973 0.011029411764705883 0.032679738562091505
0 0.6235294117647059 0.5790849673202615 0.014705882352941176 0.036601307189542485
0 0.580514705882353 0.5470588235294118 0.009558823529411765 0.03790849673202614
0 0.5786764705882353 0.5424836601307189 0.011764705882352941 0.04183006535947712
0 0.44485294117647056 0.44052287581699345 0.011764705882352941 0.0392156862745098
0 0.44227941176470587 0.4189542483660131 0.009558823529411765 0.03790849673202614
0 0.20036764705882354 0.5379084967320261 0.009558823529411765 0.0457516339869281
0 0.006617647058823529 0.5522875816993464 0.013235294117647059 0.043137254901960784
0 0.1349264705882353 0.41045751633986927 0.011029411764705883 0.03137254901960784
0 0.12279411764705882 0.40065359477124185 0.008823529411764706 0.030065359477124184
0 0.19044117647058822 0.3235294117647059 0.008823529411764706 0.030065359477124184
0 0.26286764705882354 0.28888888888888886 0.009558823529411765 0.03398692810457516
0 0.26691176470588235 0.28954248366013075 0.007352941176470588 0.027450980392156862
0 0.24779411764705883 0.28431372549019607 0.0058823529411764705 0.030065359477124184
0 0.2426470588235294 0.28431372549019607 0.0058823529411764705 0.030065359477124184
0 0.25625 0.2973856209150327 0.009558823529411765 0.022222222222222223
