0 0.6260416666666667 0.6444444444444445 0.008333333333333333 0.025925925925925925
0 0.5130208333333334 0.3 0.003125 0.018518518518518517
0 0.5177083333333333 0.3 0.004166666666666667 0.014814814814814815
0 0.39947916666666666 0.4777777777777778 0.007291666666666667 0.025925925925925925
0 0.04791666666666667 0.38333333333333336 0.004166666666666667 0.018518518518518517
0 0.019270833333333334 0.32314814814814813 0.005208333333333333 0.020370370370370372
0 0.20260416666666667 0.2611111111111111 0.003125 0.014814814814814815
0 0.5447916666666667 0.2675925925925926 0.004166666666666667 0.016666666666666666
0 0.5260416666666666 0.22407407407407406 0.0020833333333333333 0.014814814814814815
0 0.5453125 0.23148148148148148 0.003125 0.014814814814814815
0 0.5682291666666667 0.22407407407407406 0.003125 0.011111111111111112
0 0.6546875 0.23981481481481481 0.003125 0.012962962962962963
0 0.9869791666666666 0.23981481481481481 0.003125 0.012962962962962963
0 0.9953125 0.24074074074074073 0.003125 0.014814814814814815
0 0.9473958333333333 0.24074074074074073 0.003125 0.014814814814814815
0 0.9484375 0.24166666666666667 0.003125 0.012962962962962963
