0 0.4817708333333333 0.787962962962963 0.011458333333333333 0.03148148148148148
0 0.45625 0.7870370370370371 0.008333333333333333 0.03333333333333333
0 0.4713541666666667 0.9092592592592592 0.009375 0.037037037037037035
0 0.584375 0.7925925925925926 0.008333333333333333 0.03333333333333333
0 0.5973958333333333 0.8101851851851852 0.007291666666666667 0.03148148148148148
0 0.5864583333333333 0.8324074074074074 0.008333333333333333 0.03148148148148148
0 0.5828125 0.8583333333333333 0.007291666666666667 0.03518518518518519
0 0.4973958333333333 0.6638888888888889 0.005208333333333333 0.024074074074074074
0 0.4901041666666667 0.5194444444444445 0.005208333333333333 0.020370370370370372
0 0.4864583333333333 0.48055555555555557 0.00625 0.012962962962962963
0 0.5546875 0.5185185185185185 0.005208333333333333 0.018518518518518517
0 0.31979166666666664 0.9157407407407407 0.010416666666666666 0.03518518518518519
0 0.2859375 0.9083333333333333 0.009375 0.03518518518518519
0 0.35104166666666664 0.5703703703703704 0.00625 0.018518518518518517
0 0.3848958333333333 0.6574074074074074 0.007291666666666667 0.018518518518518517
0 0.140625 0.925 0.010416666666666666 0.03518518518518519
0 0.12239583333333333 0.9574074074074074 0.011458333333333333 0.040740740740740744
