0 0.37604166666666666 0.8898148148148148 0.014583333333333334 0.10925925925925926
0 0.5114583333333333 0.9324074074074075 0.027083333333333334 0.13518518518518519
0 0.35104166666666664 0.7018518518518518 0.020833333333333332 0.1037037037037037
0 0.4276041666666667 0.8092592592592592 0.023958333333333335 0.06296296296296296
0 0.4036458333333333 0.6425925925925926 0.015625 0.07777777777777778
0 0.14270833333333333 0.7379629629629629 0.020833333333333332 0.10555555555555556
0 0.6177083333333333 0.7398148148148148 0.020833333333333332 0.06851851851851852
0 0.603125 0.737037037037037 0.010416666666666666 0.05185185185185185
0 0.4244791666666667 0.4740740740740741 0.009375 0.04814814814814815
0 0.3828125 0.3712962962962963 0.007291666666666667 0.03148148148148148
0 0.353125 0.6092592592592593 0.016666666666666666 0.040740740740740744
0 0.3260416666666667 0.7592592592592593 0.020833333333333332 0.1037037037037037
0 0.44583333333333336 0.36018518518518516 0.00625 0.024074074074074074
0 0.4484375 0.3101851851851852 0.005208333333333333 0.016666666666666666
0 0.48125 0.3314814814814815 0.00625 0.018518518518518517
0 0.515625 0.33240740740740743 0.00625 0.024074074074074074
0 0.5552083333333333 0.6212962962962963 0.014583333333333334 0.053703703703703705
0 0.6916666666666667 0.8351851851851851 0.025 0.07407407407407407
0 0.7046875 0.49444444444444446 0.011458333333333333 0.040740740740740744
0 0.5760416666666667 0.4046296296296296 0.0125 0.04259259259259259
