0 0.09192708333333334 0.6972222222222222 0.013020833333333334 0.07222222222222222
0 0.005989583333333334 0.6092592592592593 0.011979166666666667 0.05740740740740741
0 0.0109375 0.6069444444444444 0.013541666666666667 0.05462962962962963
0 0.1125 0.6694444444444444 0.010416666666666666 0.05740740740740741
0 0.15703125 0.5851851851851851 0.011979166666666667 0.044444444444444446
0 0.16927083333333334 0.5837962962962963 0.013541666666666667 0.049074074074074076
0 0.15989583333333332 0.5648148148148148 0.010416666666666666 0.025925925925925925
0 0.16354166666666667 0.5648148148148148 0.008333333333333333 0.025925925925925925
0 0.18385416666666668 0.5638888888888889 0.007291666666666667 0.040740740740740744
0 0.22682291666666668 0.6013888888888889 0.0109375 0.04351851851851852
0 0.2390625 0.5305555555555556 0.00625 0.03518518518518519
0 0.2671875 0.5722222222222222 0.008333333333333333 0.040740740740740744
0 0.27890625 0.5578703703703703 0.009895833333333333 0.032407407407407406
0 0.253125 0.5087962962962963 0.00625 0.028703703703703703
0 0.25755208333333335 0.5087962962962963 0.0067708333333333336 0.028703703703703703
0 0.2638020833333333 0.5078703703703704 0.0067708333333333336 0.030555555555555555
0 0.28671875 0.4842592592592593 0.005729166666666666 0.027777777777777776
0 0.57109375 0.8398148148148148 0.022395833333333334 0.07592592592592592
0 0.5671875 0.7171296296296297 0.016666666666666666 0.07314814814814814
0 0.5848958333333333 0.6800925925925926 0.0125 0.058333333333333334
0 0.540625 0.5800925925925926 0.008333333333333333 0.04351851851851852
0 0.6036458333333333 0.6314814814814815 0.009375 0.05555555555555555
0 0.6283854166666667 0.6685185185185185 0.015104166666666667 0.03333333333333333
0 0.66328125 0.6703703703703704 0.008854166666666666 0.04814814814814815
0 0.7302083333333333 0.6421296296296296 0.009375 0.05277777777777778
0 0.7067708333333333 0.6365740740740741 0.0125 0.05648148148148148
0 0.6932291666666667 0.6314814814814815 0.010416666666666666 0.05740740740740741
0 0.6890625 0.6259259259259259 0.008333333333333333 0.05
0 0.5466145833333333 0.5296296296296297 0.0067708333333333336 0.027777777777777776
0 0.5059895833333333 0.5087962962962963 0.0067708333333333336 0.023148148148148147
0 0.81875 0.5810185185185185 0.010416666666666666 0.05277777777777778
0 0.7609375 0.5300925925925926 0.0125 0.030555555555555555
0 0.7736979166666667 0.5277777777777778 0.005729166666666666 0.022222222222222223
0 0.7755208333333333 0.5314814814814814 0.007291666666666667 0.025925925925925925
0 0.7833333333333333 0.5398148148148149 0.007291666666666667 0.020370370370370372
0 0.7205729166666667 0.5087962962962963 0.005729166666666666 0.03611111111111111
0 0.7078125 0.5041666666666667 0.00625 0.028703703703703703
0 0.68671875 0.5273148148148148 0.0078125 0.017592592592592594
0 0.5671875 0.47453703703703703 0.005208333333333333 0.019444444444444445
0 0.6692708333333334 0.5902777777777778 0.007291666666666667 0.04351851851851852
0 0.5901041666666667 0.4537037037037037 0.004166666666666667 0.018518518518518517
0 0.5841145833333333 0.4444444444444444 0.0036458333333333334 0.014814814814814815
0 0.64296875 0.4532407407407407 0.0036458333333333334 0.019444444444444445
0 0.6260416666666667 0.4537037037037037 0.004166666666666667 0.012962962962962963
0 0.6302083333333334 0.45416666666666666 0.004166666666666667 0.013888888888888888
0 0.6356770833333333 0.44166666666666665 0.0026041666666666665 0.016666666666666666
0 0.6377604166666667 0.44166666666666665 0.0026041666666666665 0.016666666666666666
0 0.53203125 0.49675925925925923 0.005729166666666666 0.023148148148148147
0 0.5127604166666667 0.49583333333333335 0.005729166666666666 0.023148148148148147
0 0.5158854166666667 0.4824074074074074 0.0046875 0.018518518518518517
0 0.5229166666666667 0.4810185185185185 0.005208333333333333 0.021296296296296296
0 0.52734375 0.4861111111111111 0.005729166666666666 0.020370370370370372
0 0.48515625 0.43703703703703706 0.0036458333333333334 0.011111111111111112
0 0.49140625 0.43796296296296294 0.0036458333333333334 0.014814814814814815
0 0.49296875 0.43842592592592594 0.0026041666666666665 0.013888888888888888
0 0.4981770833333333 0.4412037037037037 0.0026041666666666665 0.017592592592592594
0 0.4953125 0.44166666666666665 0.003125 0.011111111111111112
0 0.40546875 0.45787037037037037 0.0026041666666666665 0.019444444444444445
