0 0.39301470588235293 0.4470588235294118 0.009558823529411765 0.04967320261437908
0 0.45992647058823527 0.011764705882352941 0.003676470588235294 0.018300653594771243
0 0.5411764705882353 0.14313725490196078 0.0058823529411764705 0.032679738562091505
0 0.5367647058823529 0.15751633986928104 0.0058823529411764705 0.032679738562091505
0 0.5503676470588236 0.1627450980392157 0.005147058823529412 0.032679738562091505
0 0.55625 0.16339869281045752 0.005147058823529412 0.03137254901960784
0 0.5632352941176471 0.16470588235294117 0.0058823529411764705 0.03137254901960784
0 0.5658088235294118 0.169281045751634 0.006617647058823529 0.030065359477124184
0 0.2202205882352941 0.6248366013071895 0.01838235294117647 0.06274509803921569
0 0.20220588235294118 0.6692810457516339 0.01764705882352941 0.06535947712418301
0 0.3360294117647059 0.8555555555555555 0.014705882352941176 0.07712418300653595
0 0.3205882352941177 0.8705882352941177 0.010294117647058823 0.054901960784313725
0 0.22536764705882353 0.8313725490196079 0.015441176470588236 0.0784313725490196
0 0.6077205882352941 0.626797385620915 0.011029411764705883 0.06666666666666667
0 0.6227941176470588 0.665359477124183 0.013235294117647059 0.06013071895424837
0 0.6426470588235295 0.7725490196078432 0.020588235294117647 0.07581699346405228
0 0.25036764705882353 0.8457516339869281 0.01838235294117647 0.05751633986928104
0 0.49816176470588236 0.269281045751634 0.006617647058823529 0.026143790849673203
0 0.7397058823529412 0.6281045751633987 0.013235294117647059 0.06143790849673202
0 0.7540441176470588 0.6411764705882353 0.008088235294117648 0.0457516339869281
0 0.028676470588235293 0.7686274509803922 0.020588235294117647 0.06797385620915032
0 0.29191176470588237 0.5647058823529412 0.01911764705882353 0.044444444444444446
0 0.3040441176470588 0.5509803921568628 0.011029411764705883 0.043137254901960784
0 0.15845588235294117 0.5790849673202615 0.021323529411764706 0.044444444444444446
0 0.18198529411764705 0.5771241830065359 0.006617647058823529 0.032679738562091505
0 0.10404411764705883 0.8411764705882353 0.025735294117647058 0.06405228758169934
0 0.058823529411764705 0.8862745098039215 0.022058823529411766 0.07058823529411765
0 0.039705882352941174 0.8830065359477124 0.01764705882352941 0.06666666666666667
0 0.518014705882353 0.30392156862745096 0.008088235294117648 0.027450980392156862
0 0.5169117647058824 0.2928104575163399 0.008823529411764706 0.03137254901960784
0 0.5363970588235294 0.30718954248366015 0.009558823529411765 0.03137254901960784
0 0.5470588235294118 0.25947712418300656 0.008823529411764706 0.030065359477124184
0 0.5595588235294118 0.2849673202614379 0.008823529411764706 0.044444444444444446
0 0.5676470588235294 0.29150326797385623 0.004411764705882353 0.03137254901960784
0 0.5746323529411764 0.2980392156862745 0.006617647058823529 0.036601307189542485
0 0.6959558823529411 0.3326797385620915 0.008088235294117648 0.0457516339869281
0 0.6985294117647058 0.31633986928104574 0.010294117647058823 0.0392156862745098
0 0.6845588235294118 0.30980392156862746 0.007352941176470588 0.036601307189542485
0 0.6878676470588235 0.30130718954248364 0.005147058823529412 0.0196078431372549
0 0.6801470588235294 0.2980392156862745 0.010294117647058823 0.04183006535947712
0 0.6588235294117647 0.3764705882352941 0.013235294117647059 0.036601307189542485
0 0.7308823529411764 0.5941176470588235 0.014705882352941176 0.050980392156862744
0 0.7452205882352941 0.5915032679738562 0.011029411764705883 0.05620915032679739
0 0.631985294117647 0.7352941176470589 0.015441176470588236 0.06666666666666667
0 0.9216911764705882 0.8359477124183007 0.016911764705882352 0.06928104575163399
0 0.950735294117647 0.9418300653594771 0.020588235294117647 0.06143790849673202
0 0.9643382352941177 0.9784313725490196 0.028676470588235293 0.03790849673202614
0 0.944485294117647 0.9816993464052287 0.016911764705882352 0.036601307189542485
