0 0.6463235294117647 0.24248366013071895 0.0058823529411764705 0.022222222222222223
0 0.68125 0.39673202614379083 0.006617647058823529 0.032679738562091505
0 0.6915441176470588 0.403921568627451 0.006617647058823529 0.0392156862745098
0 0.6889705882352941 0.4 0.007352941176470588 0.036601307189542485
0 0.5617647058823529 0.6366013071895424 0.008823529411764706 0.054901960784313725
0 0.4319852941176471 0.5359477124183006 0.0125 0.03137254901960784
0 0.43933823529411764 0.526797385620915 0.011029411764705883 0.026143790849673203
0 0.4323529411764706 0.5241830065359477 0.011764705882352941 0.03398692810457516
0 0.44227941176470587 0.5143790849673202 0.009558823529411765 0.030065359477124184
0 0.6948529411764706 0.5869281045751634 0.014705882352941176 0.0392156862745098
0 0.9121323529411764 0.969281045751634 0.01838235294117647 0.050980392156862744
0 0.9253676470588236 0.6555555555555556 0.013970588235294118 0.06928104575163399
0 0.8452205882352941 0.3516339869281046 0.008088235294117648 0.03137254901960784
0 0.861764705882353 0.36666666666666664 0.007352941176470588 0.02483660130718954
0 0.774264705882353 0.3176470588235294 0.007352941176470588 0.02875816993464052
0 0.9172794117647058 0.38169934640522873 0.011029411764705883 0.03137254901960784
0 0.9246323529411765 0.37973856209150325 0.008088235294117648 0.03529411764705882
0 0.7621323529411764 0.39019607843137255 0.009558823529411765 0.030065359477124184
0 0.6470588235294118 0.3326797385620915 0.007352941176470588 0.0196078431372549
0 0.6477941176470589 0.3281045751633987 0.008823529411764706 0.023529411764705882
0 0.4551470588235294 0.25163398692810457 0.0058823529411764705 0.022222222222222223
0 0.44338235294117645 0.36993464052287583 0.008823529411764706 0.03137254901960784
0 0.6088235294117647 0.169281045751634 0.004411764705882353 0.01437908496732026
0 0.6095588235294118 0.14444444444444443 0.004411764705882353 0.011764705882352941
0 0.5191176470588236 0.09934640522875816 0.0029411764705882353 0.013071895424836602
0 0.5205882352941177 0.09869281045751634 0.0029411764705882353 0.01437908496732026
