0 0.04338235294117647 0.681045751633987 0.022058823529411766 0.026143790849673203
0 0.23198529411764707 0.8431372549019608 0.011029411764705883 0.03137254901960784
0 0.9544117647058824 0.16013071895424835 0.011764705882352941 0.03529411764705882
0 0.9676470588235294 0.27058823529411763 0.014705882352941176 0.036601307189542485
0 0.9577205882352942 0.22745098039215686 0.0125 0.03137254901960784
0 0.9518382352941176 0.24509803921568626 0.011029411764705883 0.030065359477124184
0 0.9452205882352941 0.23921568627450981 0.013970588235294118 0.02875816993464052
0 0.8720588235294118 0.257516339869281 0.010294117647058823 0.03137254901960784
0 0.8753676470588235 0.2477124183006536 0.0125 0.027450980392156862
0 0.8746323529411765 0.24640522875816995 0.0125 0.027450980392156862
0 0.7334558823529411 0.2901960784313726 0.006617647058823529 0.023529411764705882
0 0.83125 0.2326797385620915 0.011029411764705883 0.02875816993464052
0 0.8106617647058824 0.1980392156862745 0.0125 0.030065359477124184
0 0.8003676470588236 0.21895424836601307 0.011029411764705883 0.027450980392156862
0 0.7819852941176471 0.2111111111111111 0.0125 0.027450980392156862
0 0.7908088235294117 0.19607843137254902 0.0125 0.02875816993464052
0 0.7694852941176471 0.20065359477124184 0.009558823529411765 0.027450980392156862
0 0.775 0.19673202614379084 0.010294117647058823 0.030065359477124184
0 0.6161764705882353 0.13137254901960785 0.007352941176470588 0.032679738562091505
0 0.6029411764705882 0.12156862745098039 0.007352941176470588 0.02875816993464052
0 0.10735294117647058 0.14901960784313725 0.010294117647058823 0.02875816993464052
0 0.08345588235294117 0.009150326797385621 0.008088235294117648 0.018300653594771243
0 0.13529411764705881 0.11241830065359477 0.011764705882352941 0.03137254901960784
0 0.33786764705882355 0.32745098039215687 0.009558823529411765 0.027450980392156862
0 0.33639705882352944 0.3300653594771242 0.003676470588235294 0.01699346405228758
0 0.37426470588235294 0.2823529411764706 0.004411764705882353 0.023529411764705882
0 0.3738970588235294 0.27124183006535946 0.006617647058823529 0.032679738562091505
0 0.21029411764705883 0.24640522875816995 0.007352941176470588 0.02483660130718954
0 0.2161764705882353 0.24509803921568626 0.010294117647058823 0.030065359477124184
0 0.23602941176470588 0.22875816993464052 0.0058823529411764705 0.026143790849673203
0 0.2400735294117647 0.21895424836601307 0.009558823529411765 0.032679738562091505
0 0.375 0.2169934640522876 0.007352941176470588 0.036601307189542485
0 0.36801470588235297 0.20588235294117646 0.005147058823529412 0.030065359477124184
0 0.4933823529411765 0.043137254901960784 0.004411764705882353 0.03137254901960784
0 0.41213235294117645 0.06797385620915032 0.005147058823529412 0.02875816993464052
0 0.40698529411764706 0.058823529411764705 0.006617647058823529 0.03137254901960784
0 0.2698529411764706 0.12156862745098039 0.004411764705882353 0.01568627450980392
0 0.2746323529411765 0.11045751633986928 0.006617647058823529 0.027450980392156862
0 0.2922794117647059 0.10718954248366012 0.008088235294117648 0.026143790849673203
0 0.29816176470588235 0.11699346405228758 0.006617647058823529 0.027450980392156862
0 0.43272058823529413 0.8758169934640523 0.0125 0.026143790849673203
0 0.4389705882352941 0.8607843137254902 0.011764705882352941 0.032679738562091505
