0 0.24669117647058825 0.34444444444444444 0.008088235294117648 0.040522875816993466
0 0.17683823529411766 0.3888888888888889 0.009558823529411765 0.032679738562091505
0 0.18860294117647058 0.37450980392156863 0.008088235294117648 0.030065359477124184
0 0.2926470588235294 0.20522875816993463 0.0058823529411764705 0.03398692810457516
0 0.42463235294117646 0.13790849673202615 0.006617647058823529 0.0196078431372549
0 0.4511029411764706 0.17254901960784313 0.006617647058823529 0.02091503267973856
0 0.5643382352941176 0.10980392156862745 0.005147058823529412 0.026143790849673203
0 0.53125 0.046405228758169936 0.003676470588235294 0.022222222222222223
0 0.5279411764705882 0.14248366013071895 0.007352941176470588 0.018300653594771243
0 0.8213235294117647 0.11699346405228758 0.0058823529411764705 0.02483660130718954
0 0.8275735294117647 0.15751633986928104 0.005147058823529412 0.02483660130718954
0 0.5404411764705882 0.33986928104575165 0.008823529411764706 0.02875816993464052
0 0.5367647058823529 0.3790849673202614 0.008823529411764706 0.03137254901960784
0 0.2775735294117647 0.19738562091503267 0.006617647058823529 0.01568627450980392
