0 0.7536458333333333 0.9888888888888889 0.013541666666666667 0.022222222222222223
0 0.5765625 0.37592592592592594 0.007291666666666667 0.02962962962962963
0 0.48489583333333336 0.13055555555555556 0.003125 0.016666666666666666
0 0.4739583333333333 0.10555555555555556 0.004166666666666667 0.014814814814814815
0 0.4557291666666667 0.10277777777777777 0.019791666666666666 0.016666666666666666
0 0.41510416666666666 0.07592592592592592 0.003125 0.014814814814814815
0 0.4125 0.11203703703703703 0.004166666666666667 0.016666666666666666
0 0.22395833333333334 0.6833333333333333 0.016666666666666666 0.04814814814814815
0 0.29739583333333336 0.3074074074074074 0.007291666666666667 0.025925925925925925
0 0.30364583333333334 0.2601851851851852 0.005208333333333333 0.020370370370370372
0 0.41041666666666665 0.2175925925925926 0.004166666666666667 0.009259259259259259
0 0.28489583333333335 0.11203703703703703 0.005208333333333333 0.016666666666666666
0 0.3614583333333333 0.12407407407407407 0.004166666666666667 0.018518518518518517
0 0.3515625 0.11666666666666667 0.003125 0.014814814814814815
0 0.3494791666666667 0.12685185185185185 0.003125 0.016666666666666666
0 0.36666666666666664 0.05 0.0020833333333333333 0.011111111111111112
0 0.4125 0.032407407407407406 0.0020833333333333333 0.009259259259259259
0 0.37447916666666664 0.025 0.003125 0.009259259259259259
0 0.3734375 0.012962962962962963 0.003125 0.007407407407407408
