0 0.19791666666666666 0.48148148148148145 0.010416666666666666 0.040740740740740744
0 0.37864583333333335 0.3287037037037037 0.005208333333333333 0.024074074074074074
0 0.6760416666666667 0.5888888888888889 0.014583333333333334 0.037037037037037035
0 0.6729166666666667 0.8574074074074074 0.020833333333333332 0.07407407407407407
0 0.6067708333333334 0.812037037037037 0.021875 0.06111111111111111
0 0.5911458333333334 0.5944444444444444 0.015625 0.044444444444444446
0 0.5786458333333333 0.5407407407407407 0.013541666666666667 0.04814814814814815
0 0.5307291666666667 0.4212962962962963 0.009375 0.03148148148148148
0 0.5239583333333333 0.35833333333333334 0.008333333333333333 0.027777777777777776
0 0.49895833333333334 0.30462962962962964 0.00625 0.020370370370370372
0 0.5088541666666667 0.3111111111111111 0.005208333333333333 0.018518518518518517
0 0.3697916666666667 0.2796296296296296 0.004166666666666667 0.018518518518518517
0 0.39479166666666665 0.2638888888888889 0.004166666666666667 0.016666666666666666
0 0.39479166666666665 0.27037037037037037 0.004166666666666667 0.014814814814814815
0 0.484375 0.24444444444444444 0.004166666666666667 0.014814814814814815
0 0.49270833333333336 0.26944444444444443 0.004166666666666667 0.012962962962962963
0 0.5479166666666667 0.38333333333333336 0.00625 0.03333333333333333
0 0.7489583333333333 0.9611111111111111 0.029166666666666667 0.06666666666666667
0 0.18020833333333333 0.8055555555555556 0.029166666666666667 0.07407407407407407
