0 0.5979166666666667 0.8666666666666667 0.027083333333333334 0.08148148148148149
0 0.4901041666666667 0.8546296296296296 0.019791666666666666 0.08333333333333333
0 0.6869791666666667 0.8231481481481482 0.017708333333333333 0.10185185185185185
0 0.9515625 0.8490740740740741 0.03854166666666667 0.09074074074074075
0 0.9765625 0.8453703703703703 0.017708333333333333 0.09444444444444444
0 0.9328125 0.8324074074074074 0.019791666666666666 0.09074074074074075
0 0.7177083333333333 0.5416666666666666 0.010416666666666666 0.04259259259259259
0 0.7192708333333333 0.7601851851851852 0.021875 0.053703703703703705
0 0.3854166666666667 0.7148148148148148 0.022916666666666665 0.07777777777777778
0 0.39427083333333335 0.6953703703703704 0.013541666666666667 0.053703703703703705
0 0.35989583333333336 0.6583333333333333 0.013541666666666667 0.07222222222222222
0 0.32708333333333334 0.6583333333333333 0.0125 0.06111111111111111
0 0.3932291666666667 0.6287037037037037 0.013541666666666667 0.06481481481481481
0 0.6911458333333333 0.525 0.011458333333333333 0.05740740740740741
0 0.6645833333333333 0.5212962962962963 0.0125 0.053703703703703705
0 0.6026041666666667 0.5231481481481481 0.011458333333333333 0.046296296296296294
0 0.6125 0.5203703703703704 0.008333333333333333 0.04814814814814815
0 0.5625 0.5203703703703704 0.014583333333333334 0.04814814814814815
0 0.528125 0.5037037037037037 0.0125 0.05185185185185185
0 0.5463541666666667 0.4444444444444444 0.007291666666666667 0.040740740740740744
0 0.45729166666666665 0.5101851851851852 0.0125 0.03518518518518519
0 0.46979166666666666 0.47314814814814815 0.008333333333333333 0.03518518518518519
0 0.4953125 0.44351851851851853 0.011458333333333333 0.04259259259259259
0 0.46458333333333335 0.412962962962963 0.00625 0.040740740740740744
0 0.4713541666666667 0.40185185185185185 0.007291666666666667 0.040740740740740744
0 0.5583333333333333 0.38333333333333336 0.00625 0.02962962962962963
0 0.528125 0.38055555555555554 0.008333333333333333 0.027777777777777776
0 0.5348958333333333 0.36666666666666664 0.009375 0.02962962962962963
0 0.45625 0.3537037037037037 0.008333333333333333 0.022222222222222223
0 0.490625 0.3074074074074074 0.004166666666666667 0.018518518518518517
0 0.5052083333333334 0.30648148148148147 0.00625 0.016666666666666666
0 0.496875 0.26944444444444443 0.004166666666666667 0.012962962962962963
0 0.94375 0.712037037037037 0.014583333333333334 0.06851851851851852
