0 0.14338235294117646 0.6222222222222222 0.016176470588235296 0.04967320261437908
0 0.3371323529411765 0.742483660130719 0.015441176470588236 0.07320261437908497
0 0.3095588235294118 0.465359477124183 0.011764705882352941 0.03398692810457516
0 0.39448529411764705 0.4437908496732026 0.006617647058823529 0.027450980392156862
0 0.2580882352941177 0.3464052287581699 0.008823529411764706 0.03137254901960784
0 0.3150735294117647 0.4019607843137255 0.013970588235294118 0.03790849673202614
0 0.5845588235294118 0.41045751633986927 0.008823529411764706 0.026143790849673203
0 0.5698529411764706 0.3431372549019608 0.007352941176470588 0.0196078431372549
0 0.5801470588235295 0.296078431372549 0.007352941176470588 0.01699346405228758
0 0.5698529411764706 0.27647058823529413 0.004411764705882353 0.01437908496732026
0 0.6698529411764705 0.36797385620915035 0.007352941176470588 0.030065359477124184
0 0.7753676470588236 0.36666666666666664 0.006617647058823529 0.030065359477124184
0 0.711764705882353 0.3137254901960784 0.0058823529411764705 0.026143790849673203
0 0.5819852941176471 0.2581699346405229 0.003676470588235294 0.01437908496732026
