0 0.14926470588235294 0.8627450980392157 0.008823529411764706 0.03137254901960784
0 0.1463235294117647 0.8450980392156863 0.007352941176470588 0.032679738562091505
0 0.07904411764705882 0.9901960784313726 0.009558823529411765 0.0196078431372549
0 0.4102941176470588 0.36993464052287583 0.0058823529411764705 0.02091503267973856
0 0.5279411764705882 0.8673202614379085 0.010294117647058823 0.022222222222222223
0 0.5459558823529411 0.8751633986928105 0.008088235294117648 0.022222222222222223
0 0.6150735294117647 0.8581699346405228 0.008088235294117648 0.022222222222222223
0 0.6375 0.9522875816993464 0.010294117647058823 0.027450980392156862
0 0.8165441176470588 0.7405228758169935 0.008088235294117648 0.03529411764705882
0 0.56875 0.09542483660130718 0.003676470588235294 0.018300653594771243
0 0.5665441176470588 0.09738562091503268 0.003676470588235294 0.01699346405228758
0 0.6411764705882353 0.09673202614379085 0.004411764705882353 0.01045751633986928
0 0.6481617647058824 0.27647058823529413 0.003676470588235294 0.0196078431372549
0 0.6224264705882353 0.2784313725490196 0.003676470588235294 0.013071895424836602
0 0.6808823529411765 0.3281045751633987 0.004411764705882353 0.023529411764705882
0 0.44448529411764703 0.07908496732026143 0.005147058823529412 0.0196078431372549
0 0.34154411764705883 0.1437908496732026 0.003676470588235294 0.01568627450980392
0 0.34448529411764706 0.14575163398692811 0.003676470588235294 0.01699346405228758
