0 0.5345588235294118 0.32483660130718955 0.004411764705882353 0.0196078431372549
0 0.64375 0.5137254901960784 0.009558823529411765 0.044444444444444446
0 0.6455882352941177 0.5215686274509804 0.0058823529411764705 0.04183006535947712
0 0.6507352941176471 0.5235294117647059 0.008823529411764706 0.03790849673202614
0 0.7757352941176471 0.3784313725490196 0.008823529411764706 0.027450980392156862
0 0.7132352941176471 0.45816993464052286 0.007352941176470588 0.03529411764705882
0 0.7941176470588235 0.40326797385620916 0.0058823529411764705 0.030065359477124184
0 0.7849264705882353 0.4019607843137255 0.006617647058823529 0.030065359477124184
0 0.7856617647058823 0.3980392156862745 0.006617647058823529 0.030065359477124184
0 0.7643382352941176 0.4339869281045752 0.008088235294117648 0.036601307189542485
0 0.7522058823529412 0.43137254901960786 0.007352941176470588 0.03137254901960784
0 0.7349264705882353 0.42810457516339867 0.006617647058823529 0.030065359477124184
0 0.7452205882352941 0.43071895424836604 0.006617647058823529 0.032679738562091505
0 0.7415441176470589 0.42810457516339867 0.006617647058823529 0.032679738562091505
0 0.7805147058823529 0.43856209150326797 0.006617647058823529 0.032679738562091505
0 0.78125 0.43529411764705883 0.009558823529411765 0.03398692810457516
0 0.725735294117647 0.4843137254901961 0.010294117647058823 0.043137254901960784
0 0.7941176470588235 0.47320261437908495 0.008823529411764706 0.04183006535947712
0 0.7860294117647059 0.47516339869281043 0.008823529411764706 0.040522875816993466
0 0.7889705882352941 0.5104575163398692 0.008823529411764706 0.048366013071895426
0 0.7536764705882353 0.4973856209150327 0.008823529411764706 0.03529411764705882
0 0.7691176470588236 0.4947712418300654 0.008823529411764706 0.0457516339869281
0 0.7639705882352941 0.48169934640522877 0.007352941176470588 0.03790849673202614
0 0.7698529411764706 0.4797385620915033 0.008823529411764706 0.0392156862745098
0 0.7566176470588235 0.5379084967320261 0.011764705882352941 0.050980392156862744
0 0.7878676470588235 0.5529411764705883 0.009558823529411765 0.047058823529411764
0 0.7106617647058824 0.5300653594771242 0.011029411764705883 0.048366013071895426
0 0.7216911764705882 0.5287581699346405 0.011029411764705883 0.043137254901960784
0 0.6863970588235294 0.5601307189542484 0.009558823529411765 0.0457516339869281
0 0.9713235294117647 0.5555555555555556 0.01911764705882353 0.09673202614379085
0 0.8915441176470589 0.5725490196078431 0.011029411764705883 0.06274509803921569
0 0.9051470588235294 0.5568627450980392 0.013235294117647059 0.06797385620915032
0 0.913235294117647 0.5666666666666667 0.010294117647058823 0.06666666666666667
0 0.8996323529411765 0.6183006535947713 0.022794117647058822 0.09934640522875816
0 0.9125 0.6241830065359477 0.026470588235294117 0.11372549019607843
0 0.8444852941176471 0.6797385620915033 0.02426470588235294 0.10980392156862745
0 0.8444852941176471 0.8490196078431372 0.027205882352941177 0.07973856209150326
0 0.7860294117647059 0.8326797385620915 0.01911764705882353 0.0915032679738562
0 0.8180147058823529 0.8183006535947712 0.009558823529411765 0.08888888888888889
0 0.5522058823529412 0.6679738562091503 0.023529411764705882 0.12287581699346405
0 0.6889705882352941 0.6823529411764706 0.03823529411764706 0.10457516339869281
0 0.7636029411764705 0.6333333333333333 0.027205882352941177 0.10588235294117647
0 0.7433823529411765 0.6183006535947713 0.027941176470588237 0.10457516339869281
0 0.7095588235294118 0.6326797385620915 0.027941176470588237 0.10980392156862745
0 0.6613970588235294 0.6013071895424836 0.025735294117647058 0.10196078431372549
0 0.6529411764705882 0.5973856209150327 0.029411764705882353 0.09411764705882353
0 0.40588235294117647 0.6477124183006536 0.01911764705882353 0.11895424836601307
0 0.4161764705882353 0.6352941176470588 0.01764705882352941 0.11764705882352941
0 0.3584558823529412 0.6640522875816993 0.01838235294117647 0.11764705882352941
0 0.36323529411764705 0.6594771241830065 0.01911764705882353 0.1111111111111111
0 0.3264705882352941 0.6392156862745098 0.029411764705882353 0.12287581699346405
0 0.33492647058823527 0.6143790849673203 0.0375 0.12549019607843137
0 0.26066176470588237 0.6032679738562091 0.03602941176470588 0.12418300653594772
0 0.09485294117647058 0.6058823529411764 0.029411764705882353 0.12418300653594772
0 0.16213235294117648 0.5718954248366013 0.021323529411764706 0.1111111111111111
0 0.17536764705882352 0.6261437908496732 0.025735294117647058 0.10718954248366012
0 0.05477941176470588 0.5660130718954248 0.04485294117647059 0.11503267973856209
0 0.01801470588235294 0.5705882352941176 0.025735294117647058 0.11372549019607843
0 0.12022058823529412 0.5235294117647059 0.009558823529411765 0.050980392156862744
0 0.1676470588235294 0.44313725490196076 0.007352941176470588 0.0392156862745098
0 0.13419117647058823 0.49607843137254903 0.013970588235294118 0.048366013071895426
0 0.09669117647058824 0.5078431372549019 0.009558823529411765 0.048366013071895426
0 0.029411764705882353 0.526797385620915 0.010294117647058823 0.054901960784313725
0 0.10514705882352941 0.44248366013071894 0.008823529411764706 0.03790849673202614
0 0.07904411764705882 0.4562091503267974 0.008088235294117648 0.026143790849673203
0 0.13051470588235295 0.4418300653594771 0.009558823529411765 0.0392156862745098
0 0.1386029411764706 0.43856209150326797 0.008088235294117648 0.043137254901960784
0 0.13897058823529412 0.41633986928104577 0.008823529411764706 0.03790849673202614
0 0.1349264705882353 0.38235294117647056 0.006617647058823529 0.03790849673202614
0 0.07720588235294118 0.3627450980392157 0.007352941176470588 0.022222222222222223
0 0.08088235294117647 0.3562091503267974 0.004411764705882353 0.02483660130718954
0 0.08419117647058824 0.361437908496732 0.005147058823529412 0.01437908496732026
0 0.05698529411764706 0.4 0.011029411764705883 0.02875816993464052
0 0.05955882352941176 0.39738562091503266 0.007352941176470588 0.03398692810457516
0 0.06911764705882353 0.3954248366013072 0.0058823529411764705 0.03529411764705882
0 0.07316176470588236 0.403921568627451 0.006617647058823529 0.0392156862745098
0 0.07830882352941176 0.4071895424836601 0.008088235294117648 0.03529411764705882
0 0.14301470588235293 0.35947712418300654 0.006617647058823529 0.02875816993464052
0 0.14779411764705883 0.373202614379085 0.0058823529411764705 0.027450980392156862
0 0.15257352941176472 0.37058823529411766 0.006617647058823529 0.030065359477124184
0 0.15625 0.36013071895424836 0.005147058823529412 0.027450980392156862
0 0.1514705882352941 0.3627450980392157 0.0058823529411764705 0.027450980392156862
0 0.2235294117647059 0.3915032679738562 0.007352941176470588 0.030065359477124184
0 0.24301470588235294 0.3862745098039216 0.006617647058823529 0.02483660130718954
0 0.3139705882352941 0.32679738562091504 0.0058823529411764705 0.026143790849673203
0 0.25625 0.34509803921568627 0.005147058823529412 0.026143790849673203
0 0.2514705882352941 0.3437908496732026 0.004411764705882353 0.023529411764705882
0 0.2338235294117647 0.330718954248366 0.0058823529411764705 0.023529411764705882
0 0.2261029411764706 0.3287581699346405 0.005147058823529412 0.02483660130718954
0 0.22977941176470587 0.32222222222222224 0.005147058823529412 0.022222222222222223
0 0.21838235294117647 0.3058823529411765 0.0029411764705882353 0.023529411764705882
0 0.22242647058823528 0.30522875816993467 0.003676470588235294 0.022222222222222223
0 0.22647058823529412 0.307843137254902 0.004411764705882353 0.02483660130718954
0 0.2783088235294118 0.3196078431372549 0.005147058823529412 0.02483660130718954
0 0.25698529411764703 0.3137254901960784 0.003676470588235294 0.023529411764705882
0 0.2599264705882353 0.3130718954248366 0.005147058823529412 0.022222222222222223
0 0.30330882352941174 0.3202614379084967 0.003676470588235294 0.02091503267973856
0 0.3058823529411765 0.3176470588235294 0.004411764705882353 0.02091503267973856
0 0.3110294117647059 0.31895424836601305 0.0058823529411764705 0.023529411764705882
0 0.29411764705882354 0.3209150326797386 0.0029411764705882353 0.022222222222222223
0 0.2889705882352941 0.3202614379084967 0.004411764705882353 0.023529411764705882
0 0.2775735294117647 0.3065359477124183 0.003676470588235294 0.022222222222222223
0 0.28088235294117647 0.3084967320261438 0.004411764705882353 0.02091503267973856
0 0.2841911764705882 0.3104575163398693 0.003676470588235294 0.022222222222222223
