0 0.10294117647058823 0.6189542483660131 0.020588235294117647 0.08235294117647059
0 0.17022058823529412 0.6058823529411764 0.02426470588235294 0.07450980392156863
0 0.13161764705882353 0.5392156862745098 0.025 0.07712418300653595
0 0.059926470588235296 0.47908496732026146 0.02426470588235294 0.08235294117647059
0 0.3573529411764706 0.20326797385620915 0.010294117647058823 0.0457516339869281
0 0.6503676470588236 0.7790849673202614 0.022794117647058822 0.09934640522875816
0 0.6580882352941176 0.8052287581699347 0.027941176470588237 0.10980392156862745
0 0.2827205882352941 0.08823529411764706 0.008088235294117648 0.050980392156862744
0 0.2908088235294118 0.08888888888888889 0.006617647058823529 0.0392156862745098
0 0.2625 0.08888888888888889 0.010294117647058823 0.04967320261437908
0 0.7408088235294118 0.2954248366013072 0.009558823529411765 0.03137254901960784
