0 0.09889705882352941 0.14052287581699346 0.006617647058823529 0.027450980392156862
0 0.10698529411764705 0.1450980392156863 0.005147058823529412 0.026143790849673203
0 0.2647058823529412 0.12810457516339868 0.007352941176470588 0.023529411764705882
0 0.3025735294117647 0.1084967320261438 0.005147058823529412 0.026143790849673203
0 0.3209558823529412 0.06274509803921569 0.003676470588235294 0.018300653594771243
0 0.31066176470588236 0.060784313725490195 0.003676470588235294 0.0196078431372549
0 0.31580882352941175 0.06143790849673202 0.003676470588235294 0.01568627450980392
0 0.2525735294117647 0.19607843137254902 0.006617647058823529 0.02091503267973856
0 0.4334558823529412 0.2 0.008088235294117648 0.02875816993464052
0 0.4360294117647059 0.2019607843137255 0.008823529411764706 0.030065359477124184
0 0.5246323529411765 0.08823529411764706 0.005147058823529412 0.02483660130718954
0 0.5154411764705882 0.08496732026143791 0.004411764705882353 0.026143790849673203
0 0.46875 0.08758169934640522 0.005147058823529412 0.018300653594771243
0 0.44375 0.07908496732026143 0.005147058823529412 0.01699346405228758
0 0.4389705882352941 0.07712418300653595 0.0058823529411764705 0.018300653594771243
0 0.5705882352941176 0.03398692810457516 0.004411764705882353 0.01568627450980392
0 0.48566176470588235 0.04771241830065359 0.003676470588235294 0.01437908496732026
0 0.4985294117647059 0.04967320261437908 0.0029411764705882353 0.013071895424836602
0 0.37977941176470587 0.03594771241830065 0.003676470588235294 0.01437908496732026
0 0.8044117647058824 0.3764705882352941 0.013235294117647059 0.03137254901960784
0 0.6507352941176471 0.09738562091503268 0.0029411764705882353 0.0196078431372549
0 0.6533088235294118 0.09673202614379085 0.003676470588235294 0.01045751633986928
