0 0.09522058823529411 0.7627450980392156 0.021323529411764706 0.048366013071895426
0 0.23676470588235293 0.46339869281045754 0.007352941176470588 0.03790849673202614
0 0.1661764705882353 0.38300653594771245 0.007352941176470588 0.036601307189542485
0 0.17022058823529412 0.38823529411764707 0.009558823529411765 0.026143790849673203
0 0.18161764705882352 0.38235294117647056 0.007352941176470588 0.027450980392156862
0 0.23786764705882352 0.39477124183006534 0.006617647058823529 0.026143790849673203
0 0.3176470588235294 0.3352941176470588 0.004411764705882353 0.01699346405228758
0 0.3264705882352941 0.3503267973856209 0.0058823529411764705 0.02091503267973856
0 0.3165441176470588 0.3738562091503268 0.006617647058823529 0.018300653594771243
0 0.9915441176470589 0.7522875816993464 0.016911764705882352 0.06143790849673202
0 0.9621323529411765 0.6947712418300653 0.01838235294117647 0.050980392156862744
0 0.8691176470588236 0.5137254901960784 0.007352941176470588 0.0392156862745098
0 0.88125 0.5124183006535947 0.009558823529411765 0.03137254901960784
0 0.89375 0.5117647058823529 0.008088235294117648 0.030065359477124184
0 0.8963235294117647 0.5274509803921569 0.008823529411764706 0.027450980392156862
0 0.8900735294117647 0.5294117647058824 0.008088235294117648 0.026143790849673203
0 0.8330882352941177 0.545751633986928 0.013235294117647059 0.03529411764705882
0 0.7893382352941176 0.5352941176470588 0.011029411764705883 0.032679738562091505
0 0.8102941176470588 0.5228758169934641 0.008823529411764706 0.0392156862745098
0 0.7544117647058823 0.5091503267973856 0.011764705882352941 0.027450980392156862
0 0.7757352941176471 0.4993464052287582 0.008823529411764706 0.02875816993464052
0 0.775 0.4830065359477124 0.008823529411764706 0.03529411764705882
0 0.6363970588235294 0.4084967320261438 0.006617647058823529 0.030065359477124184
0 0.7386029411764706 0.4843137254901961 0.005147058823529412 0.02483660130718954
0 0.7022058823529411 0.45359477124183006 0.008823529411764706 0.026143790849673203
0 0.7283088235294117 0.44509803921568625 0.008088235294117648 0.032679738562091505
0 0.7161764705882353 0.4339869281045752 0.008823529411764706 0.02875816993464052
0 0.7444852941176471 0.4392156862745098 0.006617647058823529 0.026143790849673203
0 0.69375 0.42483660130718953 0.006617647058823529 0.02875816993464052
0 0.7 0.4261437908496732 0.007352941176470588 0.02875816993464052
0 0.6823529411764706 0.39215686274509803 0.004411764705882353 0.02091503267973856
0 0.6852941176470588 0.3895424836601307 0.004411764705882353 0.023529411764705882
0 0.6529411764705882 0.38823529411764707 0.0058823529411764705 0.02091503267973856
