0 0.6278645833333333 0.6842592592592592 0.0234375 0.07592592592592592
0 0.13411458333333334 0.774074074074074 0.0328125 0.18333333333333332
0 0.09427083333333333 0.7486111111111111 0.040625 0.16018518518518518
0 0.03854166666666667 0.8208333333333333 0.04895833333333333 0.20833333333333334
0 0.03619791666666667 0.7888888888888889 0.033854166666666664 0.18518518518518517
0 0.28880208333333335 0.5888888888888889 0.0171875 0.05555555555555555
0 0.3234375 0.5842592592592593 0.009375 0.04259259259259259
0 0.32760416666666664 0.5810185185185185 0.007291666666666667 0.03981481481481482
0 0.3346354166666667 0.575462962962963 0.018229166666666668 0.04351851851851852
0 0.35442708333333334 0.5962962962962963 0.011979166666666667 0.07037037037037037
0 0.37083333333333335 0.5986111111111111 0.013541666666666667 0.049074074074074076
0 0.409375 0.5976851851851852 0.016666666666666666 0.05092592592592592
0 0.41432291666666665 0.5824074074074074 0.0109375 0.040740740740740744
0 0.5341145833333333 0.6180555555555556 0.0140625 0.06388888888888888
0 0.6575520833333334 0.587037037037037 0.016145833333333335 0.044444444444444446
0 0.5950520833333334 0.6106481481481482 0.0171875 0.05648148148148148
0 0.58671875 0.5731481481481482 0.011979166666666667 0.03148148148148148
0 0.56953125 0.5787037037037037 0.0140625 0.04259259259259259
0 0.5502604166666667 0.5703703703703704 0.011979166666666667 0.03518518518518519
0 0.52734375 0.5638888888888889 0.013020833333333334 0.040740740740740744
0 0.515625 0.575 0.013541666666666667 0.03888888888888889
0 0.4825520833333333 0.5986111111111111 0.0140625 0.06574074074074074
0 0.4856770833333333 0.5671296296296297 0.015104166666666667 0.03796296296296296
0 0.4981770833333333 0.5625 0.011979166666666667 0.03981481481481482
0 0.50078125 0.5425925925925926 0.0078125 0.024074074074074074
0 0.4890625 0.5203703703703704 0.00625 0.016666666666666666
0 0.4817708333333333 0.5217592592592593 0.007291666666666667 0.017592592592592594
0 0.47421875 0.5212962962962963 0.005729166666666666 0.018518518518518517
0 0.4200520833333333 0.5115740740740741 0.0067708333333333336 0.019444444444444445
0 0.4122395833333333 0.537962962962963 0.0067708333333333336 0.025925925925925925
0 0.40625 0.5444444444444444 0.008333333333333333 0.020370370370370372
0 0.3854166666666667 0.5453703703703704 0.008333333333333333 0.03148148148148148
