0 0.496875 0.38796296296296295 0.008333333333333333 0.016666666666666666
0 0.5010416666666667 0.38333333333333336 0.008333333333333333 0.014814814814814815
0 0.5005208333333333 0.3787037037037037 0.007291666666666667 0.016666666666666666
0 0.2109375 0.5324074074074074 0.011458333333333333 0.03518518518518519
0 0.20208333333333334 0.24074074074074073 0.00625 0.014814814814814815
0 0.28854166666666664 0.1648148148148148 0.00625 0.018518518518518517
0 0.6135416666666667 0.1425925925925926 0.004166666666666667 0.014814814814814815
0 0.4588541666666667 0.11018518518518519 0.003125 0.016666666666666666
0 0.7088541666666667 0.14907407407407408 0.005208333333333333 0.016666666666666666
0 0.8447916666666667 0.3351851851851852 0.008333333333333333 0.022222222222222223
0 0.023958333333333335 0.5472222222222223 0.014583333333333334 0.04259259259259259
0 0.022916666666666665 0.5407407407407407 0.00625 0.018518518518518517
