0 0.33198529411764705 0.6620915032679738 0.019852941176470587 0.050980392156862744
0 0.4974264705882353 0.3764705882352941 0.008088235294117648 0.02875816993464052
0 0.4970588235294118 0.37777777777777777 0.007352941176470588 0.026143790849673203
0 0.5025735294117647 0.3366013071895425 0.005147058823529412 0.027450980392156862
0 0.5077205882352941 0.3405228758169935 0.006617647058823529 0.030065359477124184
0 0.5088235294117647 0.3156862745098039 0.004411764705882353 0.027450980392156862
0 0.5136029411764705 0.3137254901960784 0.005147058823529412 0.02875816993464052
0 0.5768382352941176 0.37712418300653594 0.006617647058823529 0.032679738562091505
0 0.6231617647058824 0.6941176470588235 0.015441176470588236 0.06535947712418301
0 0.6363970588235294 0.6705882352941176 0.011029411764705883 0.06535947712418301
0 0.6452205882352942 0.6803921568627451 0.0125 0.058823529411764705
0 0.6643382352941176 0.561437908496732 0.011029411764705883 0.048366013071895426
0 0.6680147058823529 0.5163398692810458 0.006617647058823529 0.047058823529411764
0 0.6930147058823529 0.5222222222222223 0.0125 0.043137254901960784
0 0.705514705882353 0.5032679738562091 0.008088235294117648 0.044444444444444446
0 0.7408088235294118 0.5098039215686274 0.011029411764705883 0.036601307189542485
0 0.5275735294117647 0.28823529411764703 0.003676470588235294 0.01437908496732026
0 0.5275735294117647 0.28888888888888886 0.005147058823529412 0.02091503267973856
0 0.5352941176470588 0.28169934640522876 0.0058823529411764705 0.02483660130718954
0 0.5305147058823529 0.2718954248366013 0.003676470588235294 0.018300653594771243
0 0.5356617647058823 0.25098039215686274 0.003676470588235294 0.018300653594771243
0 0.5768382352941176 0.2934640522875817 0.003676470588235294 0.022222222222222223
0 0.5801470588235295 0.29411764705882354 0.004411764705882353 0.026143790849673203
0 0.5845588235294118 0.29869281045751633 0.0029411764705882353 0.02483660130718954
0 0.5875 0.30130718954248364 0.004411764705882353 0.0196078431372549
0 0.5764705882352941 0.25882352941176473 0.004411764705882353 0.018300653594771243
0 0.580514705882353 0.2581699346405229 0.003676470588235294 0.0196078431372549
0 0.5308823529411765 0.22287581699346407 0.004411764705882353 0.01437908496732026
