0 0.73125 0.6065359477124183 0.015441176470588236 0.05228758169934641
0 0.7452205882352941 0.5993464052287582 0.008088235294117648 0.0457516339869281
0 0.6720588235294118 0.9594771241830066 0.023529411764705882 0.06274509803921569
0 0.27058823529411763 0.41633986928104577 0.010294117647058823 0.040522875816993466
0 0.1610294117647059 0.5594771241830065 0.014705882352941176 0.06013071895424837
0 0.12352941176470589 0.5444444444444444 0.010294117647058823 0.030065359477124184
0 0.13272058823529412 0.5594771241830065 0.0125 0.047058823529411764
0 0.17830882352941177 0.4222222222222222 0.008088235294117648 0.0392156862745098
0 0.10330882352941176 0.5516339869281046 0.011029411764705883 0.044444444444444446
0 0.33492647058823527 0.38300653594771245 0.008088235294117648 0.0392156862745098
0 0.31323529411764706 0.2084967320261438 0.008823529411764706 0.02483660130718954
0 0.4261029411764706 0.11437908496732026 0.005147058823529412 0.01437908496732026
0 0.5025735294117647 0.11895424836601307 0.005147058823529412 0.018300653594771243
