0 0.41875 0.9416666666666667 0.022916666666666665 0.06481481481481481
0 0.41875 0.9203703703703704 0.027083333333333334 0.07407407407407407
0 0.5197916666666667 0.8518518518518519 0.014583333333333334 0.04814814814814815
0 0.5171875 0.8296296296296296 0.017708333333333333 0.05555555555555555
0 0.38645833333333335 0.6990740740740741 0.01875 0.07222222222222222
0 0.3458333333333333 0.6185185185185185 0.0125 0.03333333333333333
0 0.35260416666666666 0.6055555555555555 0.013541666666666667 0.04814814814814815
0 0.2947916666666667 0.7194444444444444 0.016666666666666666 0.06481481481481481
0 0.18645833333333334 0.8185185185185185 0.0375 0.08148148148148149
0 0.20052083333333334 0.8 0.015625 0.08518518518518518
0 0.271875 0.6712962962962963 0.016666666666666666 0.06851851851851852
0 0.34270833333333334 0.5425925925925926 0.0125 0.05555555555555555
0 0.3 0.5333333333333333 0.010416666666666666 0.04814814814814815
0 0.39114583333333336 0.48333333333333334 0.009375 0.04814814814814815
0 0.5953125 0.7055555555555556 0.017708333333333333 0.07777777777777778
0 0.5755208333333334 0.6944444444444444 0.015625 0.08518518518518518
0 0.6119791666666666 0.6861111111111111 0.009375 0.053703703703703705
0 0.6307291666666667 0.6759259259259259 0.023958333333333335 0.07037037037037037
0 0.6479166666666667 0.6444444444444445 0.01875 0.06296296296296296
0 0.6104166666666667 0.662962962962963 0.008333333333333333 0.04814814814814815
0 0.5973958333333333 0.6611111111111111 0.017708333333333333 0.06296296296296296
0 0.5567708333333333 0.6435185185185185 0.013541666666666667 0.06481481481481481
0 0.475 0.5175925925925926 0.014583333333333334 0.03518518518518519
0 0.4973958333333333 0.4666666666666667 0.009375 0.044444444444444446
0 0.5901041666666667 0.6166666666666667 0.011458333333333333 0.040740740740740744
0 0.7401041666666667 0.6101851851851852 0.011458333333333333 0.07222222222222222
0 0.7526041666666666 0.5777777777777777 0.013541666666666667 0.044444444444444446
0 0.584375 0.44722222222222224 0.010416666666666666 0.03888888888888889
0 0.5692708333333333 0.44907407407407407 0.009375 0.046296296296296294
0 0.5567708333333333 0.4537037037037037 0.007291666666666667 0.037037037037037035
0 0.5552083333333333 0.38981481481481484 0.00625 0.03518518518518519
0 0.5166666666666667 0.4166666666666667 0.008333333333333333 0.037037037037037035
0 0.5026041666666666 0.4046296296296296 0.007291666666666667 0.024074074074074074
0 0.5078125 0.40185185185185185 0.007291666666666667 0.025925925925925925
0 0.5411458333333333 0.44722222222222224 0.007291666666666667 0.03888888888888889
0 0.5489583333333333 0.44166666666666665 0.008333333333333333 0.027777777777777776
0 0.5526041666666667 0.43703703703703706 0.007291666666666667 0.03333333333333333
0 0.5588541666666667 0.33796296296296297 0.007291666666666667 0.024074074074074074
0 0.5692708333333333 0.2824074074074074 0.005208333333333333 0.020370370370370372
0 0.49322916666666666 0.31851851851851853 0.005208333333333333 0.022222222222222223
0 0.578125 0.26851851851851855 0.00625 0.018518518518518517
0 0.5364583333333334 0.28425925925925927 0.00625 0.020370370370370372
