0 0.41323529411764703 0.10718954248366012 0.0029411764705882353 0.00784313725490196
0 0.38198529411764703 0.11568627450980393 0.003676470588235294 0.009150326797385621
0 0.3698529411764706 0.12352941176470589 0.0029411764705882353 0.006535947712418301
0 0.4125 0.13660130718954247 0.0029411764705882353 0.006535947712418301
0 0.4099264705882353 0.1411764705882353 0.0022058823529411764 0.00784313725490196
0 0.3522058823529412 0.10457516339869281 0.0029411764705882353 0.01045751633986928
0 0.4198529411764706 0.169281045751634 0.004411764705882353 0.009150326797385621
0 0.4117647058823529 0.1627450980392157 0.0029411764705882353 0.009150326797385621
0 0.46654411764705883 0.19150326797385622 0.005147058823529412 0.0196078431372549
0 0.4459558823529412 0.22091503267973855 0.003676470588235294 0.018300653594771243
0 0.44375 0.21830065359477124 0.003676470588235294 0.02091503267973856
0 0.4294117647058823 0.20588235294117646 0.004411764705882353 0.011764705882352941
0 0.4176470588235294 0.20588235294117646 0.004411764705882353 0.011764705882352941
0 0.3397058823529412 0.20522875816993463 0.004411764705882353 0.01045751633986928
0 0.31286764705882353 0.20392156862745098 0.005147058823529412 0.01045751633986928
0 0.2731617647058823 0.2457516339869281 0.005147058823529412 0.023529411764705882
0 0.27095588235294116 0.28627450980392155 0.005147058823529412 0.026143790849673203
0 0.26580882352941176 0.2856209150326797 0.005147058823529412 0.030065359477124184
0 0.2529411764705882 0.2856209150326797 0.0058823529411764705 0.0196078431372549
0 0.10147058823529412 0.742483660130719 0.01911764705882353 0.06797385620915032
0 0.3209558823529412 0.26666666666666666 0.005147058823529412 0.026143790849673203
0 0.4176470588235294 0.27320261437908494 0.004411764705882353 0.026143790849673203
0 0.4202205882352941 0.27124183006535946 0.005147058823529412 0.02483660130718954
0 0.46544117647058825 0.3 0.0058823529411764705 0.01437908496732026
0 0.3775735294117647 0.45751633986928103 0.009558823529411765 0.026143790849673203
0 0.3650735294117647 0.5803921568627451 0.013970588235294118 0.036601307189542485
0 0.3139705882352941 0.5967320261437908 0.011764705882352941 0.058823529411764705
0 0.25073529411764706 0.5954248366013072 0.014705882352941176 0.05359477124183006
0 0.8709558823529412 0.7581699346405228 0.0125 0.07320261437908497
0 0.8779411764705882 0.7359477124183007 0.0058823529411764705 0.026143790849673203
0 0.5658088235294118 0.3084967320261438 0.005147058823529412 0.02875816993464052
0 0.6011029411764706 0.2758169934640523 0.008088235294117648 0.018300653594771243
0 0.7150735294117647 0.30980392156862746 0.008088235294117648 0.023529411764705882
0 0.7147058823529412 0.29869281045751633 0.0058823529411764705 0.011764705882352941
0 0.7095588235294118 0.29673202614379085 0.0058823529411764705 0.01568627450980392
0 0.7341911764705882 0.3032679738562091 0.006617647058823529 0.026143790849673203
0 0.7360294117647059 0.29869281045751633 0.004411764705882353 0.02483660130718954
0 0.7279411764705882 0.3 0.004411764705882353 0.022222222222222223
0 0.7878676470588235 0.2849673202614379 0.006617647058823529 0.023529411764705882
0 0.7786764705882353 0.28431372549019607 0.004411764705882353 0.022222222222222223
0 0.7801470588235294 0.2784313725490196 0.004411764705882353 0.02091503267973856
0 0.7830882352941176 0.27058823529411763 0.004411764705882353 0.01568627450980392
0 0.7558823529411764 0.27908496732026145 0.0058823529411764705 0.011764705882352941
0 0.7341911764705882 0.3660130718954248 0.009558823529411765 0.03398692810457516
