0 0.07647058823529412 0.8098039215686275 0.01764705882352941 0.011764705882352941
0 0.13529411764705881 0.9366013071895425 0.014705882352941176 0.0196078431372549
0 0.06801470588235294 0.9640522875816994 0.009558823529411765 0.011764705882352941
0 0.19963235294117648 0.9588235294117647 0.008088235294117648 0.01437908496732026
0 0.3235294117647059 0.8856209150326797 0.007352941176470588 0.009150326797385621
0 0.3261029411764706 0.8928104575163399 0.008088235294117648 0.01045751633986928
0 0.3863970588235294 0.7986928104575164 0.006617647058823529 0.013071895424836602
0 0.30220588235294116 0.7261437908496732 0.004411764705882353 0.011764705882352941
0 0.9863970588235295 0.12810457516339868 0.006617647058823529 0.013071895424836602
0 0.7897058823529411 0.16666666666666666 0.007352941176470588 0.01699346405228758
0 0.8466911764705882 0.2601307189542484 0.011029411764705883 0.018300653594771243
0 0.7746323529411765 0.4666666666666667 0.008088235294117648 0.01568627450980392
0 0.4588235294117647 0.34248366013071896 0.004411764705882353 0.00784313725490196
0 0.4716911764705882 0.3712418300653595 0.005147058823529412 0.01045751633986928
0 0.47573529411764703 0.3764705882352941 0.004411764705882353 0.00784313725490196
0 0.506985294117647 0.47843137254901963 0.0022058823529411764 0.01045751633986928
0 0.5073529411764706 0.5045751633986928 0.0058823529411764705 0.01045751633986928
0 0.6194852941176471 0.5013071895424837 0.008088235294117648 0.009150326797385621
0 0.6294117647058823 0.5091503267973856 0.0058823529411764705 0.011764705882352941
0 0.5775735294117647 0.44313725490196076 0.006617647058823529 0.01568627450980392
0 0.5838235294117647 0.40326797385620916 0.004411764705882353 0.011764705882352941
0 0.549264705882353 0.44901960784313727 0.007352941176470588 0.011764705882352941
