0 0.6386029411764705 0.5758169934640522 0.003676470588235294 0.022222222222222223
0 0.6481617647058824 0.5790849673202615 0.003676470588235294 0.02091503267973856
0 0.6533088235294118 0.5777777777777777 0.0022058823529411764 0.018300653594771243
0 0.8143382352941176 0.6189542483660131 0.006617647058823529 0.022222222222222223
0 0.6621323529411764 0.6875816993464052 0.008088235294117648 0.02091503267973856
0 0.680514705882353 0.703921568627451 0.006617647058823529 0.0196078431372549
0 0.7308823529411764 0.6535947712418301 0.0058823529411764705 0.02875816993464052
0 0.9639705882352941 0.6941176470588235 0.007352941176470588 0.02091503267973856
0 0.9889705882352942 0.7032679738562092 0.010294117647058823 0.02091503267973856
0 0.8746323529411765 0.9241830065359478 0.008088235294117648 0.05228758169934641
0 0.5474264705882353 0.965359477124183 0.009558823529411765 0.03529411764705882
0 0.5533088235294118 0.8666666666666667 0.011029411764705883 0.03398692810457516
0 0.5470588235294118 0.8111111111111111 0.008823529411764706 0.030065359477124184
0 0.5029411764705882 0.8026143790849674 0.008823529411764706 0.03137254901960784
0 0.4297794117647059 0.6411764705882353 0.005147058823529412 0.027450980392156862
0 0.41875 0.6379084967320261 0.005147058823529412 0.023529411764705882
0 0.5367647058823529 0.6379084967320261 0.0029411764705882353 0.023529411764705882
0 0.24154411764705883 0.6862745098039216 0.008088235294117648 0.02091503267973856
0 0.3125 0.6490196078431373 0.0058823529411764705 0.030065359477124184
0 0.4036764705882353 0.6287581699346405 0.004411764705882353 0.023529411764705882
0 0.3985294117647059 0.6274509803921569 0.004411764705882353 0.02091503267973856
0 0.39301470588235293 0.6261437908496732 0.005147058823529412 0.026143790849673203
