0 0.9680147058823529 0.9052287581699346 0.025735294117647058 0.07450980392156863
0 0.7698529411764706 0.9111111111111111 0.013235294117647059 0.044444444444444446
0 0.46875 0.9117647058823529 0.021323529411764706 0.048366013071895426
0 0.45330882352941176 0.7607843137254902 0.015441176470588236 0.05228758169934641
0 0.736764705882353 0.3993464052287582 0.0058823529411764705 0.032679738562091505
0 0.774264705882353 0.396078431372549 0.0058823529411764705 0.03398692810457516
0 0.6816176470588236 0.39477124183006534 0.007352941176470588 0.036601307189542485
0 0.674264705882353 0.39673202614379083 0.0058823529411764705 0.03790849673202614
0 0.6676470588235294 0.3934640522875817 0.0058823529411764705 0.036601307189542485
0 0.3886029411764706 0.5542483660130719 0.011029411764705883 0.047058823529411764
0 0.19117647058823528 0.4477124183006536 0.008823529411764706 0.040522875816993466
0 0.20220588235294118 0.4470588235294118 0.010294117647058823 0.0392156862745098
0 0.2474264705882353 0.31633986928104574 0.003676470588235294 0.023529411764705882
0 0.26029411764705884 0.3084967320261438 0.0058823529411764705 0.018300653594771243
0 0.5944852941176471 0.23660130718954248 0.003676470588235294 0.023529411764705882
0 0.6040441176470588 0.23071895424836603 0.003676470588235294 0.02483660130718954
0 0.5797794117647059 0.3437908496732026 0.006617647058823529 0.02091503267973856
0 0.5371323529411764 0.21633986928104576 0.003676470588235294 0.011764705882352941
0 0.5191176470588236 0.18823529411764706 0.004411764705882353 0.01045751633986928
0 0.5198529411764706 0.20784313725490197 0.0029411764705882353 0.01045751633986928
0 0.4308823529411765 0.2496732026143791 0.004411764705882353 0.023529411764705882
0 0.4389705882352941 0.23071895424836603 0.0029411764705882353 0.01699346405228758
0 0.46433823529411766 0.17647058823529413 0.003676470588235294 0.01045751633986928
0 0.3452205882352941 0.3405228758169935 0.005147058823529412 0.022222222222222223
0 0.3547794117647059 0.3196078431372549 0.005147058823529412 0.02483660130718954
0 0.2911764705882353 0.2849673202614379 0.0058823529411764705 0.023529411764705882
0 0.2948529411764706 0.24705882352941178 0.0029411764705882353 0.02091503267973856
0 0.35404411764705884 0.2019607843137255 0.003676470588235294 0.01437908496732026
0 0.3492647058823529 0.20326797385620915 0.004411764705882353 0.01699346405228758
