0 0.03602941176470588 0.7699346405228759 0.033823529411764704 0.09934640522875816
0 0.01875 0.773202614379085 0.019852941176470587 0.07973856209150326
0 0.3275735294117647 0.5947712418300654 0.027205882352941177 0.07058823529411765
0 0.33676470588235297 0.5738562091503268 0.025 0.07320261437908497
0 0.28198529411764706 0.5607843137254902 0.02426470588235294 0.04183006535947712
0 0.38933823529411765 0.39477124183006534 0.01838235294117647 0.07581699346405228
0 0.6555147058823529 0.3627450980392157 0.01838235294117647 0.06928104575163399
0 0.39191176470588235 0.12679738562091503 0.008823529411764706 0.044444444444444446
0 0.6227941176470588 0.30392156862745096 0.008823529411764706 0.043137254901960784
0 0.6290441176470588 0.3111111111111111 0.008088235294117648 0.04183006535947712
0 0.6463235294117647 0.265359477124183 0.011764705882352941 0.06535947712418301
0 0.6525735294117647 0.25620915032679736 0.013970588235294118 0.06013071895424837
0 0.6702205882352941 0.24901960784313726 0.0125 0.05620915032679739
0 0.6808823529411765 0.2522875816993464 0.008823529411764706 0.036601307189542485
0 0.680514705882353 0.30392156862745096 0.013970588235294118 0.032679738562091505
0 0.6786764705882353 0.3281045751633987 0.01911764705882353 0.03137254901960784
0 0.6963235294117647 0.3281045751633987 0.008823529411764706 0.03137254901960784
0 0.7143382352941177 0.2738562091503268 0.0125 0.050980392156862744
0 0.2823529411764706 0.05751633986928104 0.008823529411764706 0.04183006535947712
