0 0.6253676470588235 0.1718954248366013 0.006617647058823529 0.022222222222222223
0 0.47316176470588234 0.19281045751633988 0.006617647058823529 0.03529411764705882
0 0.48051470588235295 0.19934640522875818 0.006617647058823529 0.032679738562091505
0 0.9095588235294118 0.09673202614379085 0.0029411764705882353 0.01568627450980392
0 0.90625 0.09477124183006536 0.003676470588235294 0.01437908496732026
0 0.975735294117647 0.6633986928104575 0.033823529411764704 0.09281045751633987
0 0.9540441176470589 0.7215686274509804 0.03161764705882353 0.08366013071895424
0 0.8352941176470589 0.6320261437908496 0.025 0.08496732026143791
0 0.8077205882352941 0.6281045751633987 0.02426470588235294 0.07450980392156863
0 0.7845588235294118 0.6392156862745098 0.014705882352941176 0.054901960784313725
0 0.7636029411764705 0.6287581699346405 0.019852941176470587 0.08366013071895424
0 0.7066176470588236 0.5594771241830065 0.01911764705882353 0.06013071895424837
0 0.6897058823529412 0.5535947712418301 0.01764705882352941 0.07973856209150326
0 0.6845588235294118 0.5483660130718955 0.013235294117647059 0.06143790849673202
0 0.43161764705882355 0.8666666666666667 0.030882352941176472 0.12549019607843137
0 0.43786764705882353 0.4738562091503268 0.0125 0.06666666666666667
0 0.6970588235294117 0.29215686274509806 0.007352941176470588 0.027450980392156862
0 0.6988970588235294 0.28954248366013075 0.008088235294117648 0.03790849673202614
0 0.6165441176470589 0.29215686274509806 0.013970588235294118 0.0457516339869281
0 0.6102941176470589 0.2522875816993464 0.007352941176470588 0.044444444444444446
0 0.6058823529411764 0.28431372549019607 0.008823529411764706 0.0457516339869281
0 0.5985294117647059 0.29215686274509806 0.007352941176470588 0.0457516339869281
0 0.5992647058823529 0.28431372549019607 0.0058823529411764705 0.043137254901960784
0 0.6018382352941176 0.3431372549019608 0.011029411764705883 0.05359477124183006
0 0.5764705882352941 0.35947712418300654 0.013235294117647059 0.05228758169934641
0 0.5908088235294118 0.44901960784313727 0.013970588235294118 0.05359477124183006
0 0.5055147058823529 0.4738562091503268 0.01838235294117647 0.06143790849673202
0 0.015441176470588236 0.36209150326797385 0.013235294117647059 0.044444444444444446
0 0.02389705882352941 0.35947712418300654 0.008088235294117648 0.0392156862745098
0 0.23602941176470588 0.238562091503268 0.011764705882352941 0.043137254901960784
0 0.2772058823529412 0.22418300653594772 0.008823529411764706 0.03790849673202614
0 0.2661764705882353 0.23529411764705882 0.010294117647058823 0.044444444444444446
0 0.2952205882352941 0.21830065359477124 0.009558823529411765 0.044444444444444446
0 0.2959558823529412 0.23594771241830065 0.008088235294117648 0.02483660130718954
0 0.40404411764705883 0.2235294117647059 0.008088235294117648 0.023529411764705882
0 0.3915441176470588 0.22679738562091503 0.009558823529411765 0.02483660130718954
0 0.3665441176470588 0.2549019607843137 0.005147058823529412 0.0392156862745098
0 0.5084558823529411 0.32679738562091504 0.006617647058823529 0.047058823529411764
0 0.5011029411764706 0.31633986928104574 0.008088235294117648 0.047058823529411764
0 0.49301470588235297 0.31241830065359477 0.009558823529411765 0.04967320261437908
0 0.38823529411764707 0.27712418300653596 0.010294117647058823 0.047058823529411764
0 0.40625 0.28366013071895424 0.008088235294117648 0.04183006535947712
0 0.34816176470588234 0.4215686274509804 0.016911764705882352 0.06405228758169934
0 0.35 0.4215686274509804 0.010294117647058823 0.043137254901960784
0 0.35441176470588237 0.265359477124183 0.008823529411764706 0.0392156862745098
0 0.35404411764705884 0.2601307189542484 0.008088235294117648 0.0392156862745098
0 0.27536764705882355 0.3718954248366013 0.011029411764705883 0.06143790849673202
0 0.27389705882352944 0.3712418300653595 0.013970588235294118 0.05228758169934641
