0 0.009895833333333333 0.9435185185185185 0.01875 0.07777777777777778
0 0.4432291666666667 0.32037037037037036 0.004166666666666667 0.012962962962962963
0 0.5453125 0.28703703703703703 0.003125 0.012962962962962963
0 0.4395833333333333 0.2972222222222222 0.0020833333333333333 0.012962962962962963
0 0.44140625 0.2949074074074074 0.0026041666666666665 0.013888888888888888
0 0.44036458333333334 0.29444444444444445 0.0026041666666666665 0.014814814814814815
0 0.4359375 0.2902777777777778 0.003125 0.013888888888888888
0 0.5338541666666666 0.2689814814814815 0.003125 0.010185185185185186
0 0.5283854166666667 0.2587962962962963 0.0026041666666666665 0.012037037037037037
0 0.5268229166666667 0.2652777777777778 0.0026041666666666665 0.008333333333333333
0 0.5018229166666667 0.2412037037037037 0.0015625 0.010185185185185186
