0 0.23723958333333334 0.7083333333333334 0.0234375 0.11851851851851852
0 0.7299479166666667 0.7537037037037037 0.027604166666666666 0.13703703703703704
0 0.9151041666666667 0.6958333333333333 0.021875 0.13055555555555556
0 0.5794270833333334 0.6768518518518518 0.022395833333333334 0.11296296296296296
0 0.5692708333333333 0.6680555555555555 0.01875 0.10092592592592593
0 0.5518229166666667 0.663425925925926 0.018229166666666668 0.11388888888888889
0 0.546875 0.6569444444444444 0.01875 0.10277777777777777
0 0.5270833333333333 0.7189814814814814 0.03125 0.11388888888888889
0 0.5661458333333333 0.8319444444444445 0.042708333333333334 0.14907407407407408
0 0.5721354166666667 0.9481481481481482 0.0640625 0.1037037037037037
0 0.49140625 0.5689814814814815 0.009895833333333333 0.03611111111111111
0 0.4791666666666667 0.5592592592592592 0.008333333333333333 0.03148148148148148
0 0.46119791666666665 0.5472222222222223 0.0078125 0.03333333333333333
0 0.3625 0.5421296296296296 0.00625 0.023148148148148147
0 0.4161458333333333 0.5259259259259259 0.00625 0.022222222222222223
