0 0.08676470588235294 0.09477124183006536 0.008823529411764706 0.022222222222222223
0 0.13786764705882354 0.08954248366013072 0.006617647058823529 0.030065359477124184
0 0.14154411764705882 0.08823529411764706 0.006617647058823529 0.032679738562091505
0 0.15808823529411764 0.10784313725490197 0.007352941176470588 0.03529411764705882
0 0.15183823529411763 0.08823529411764706 0.008088235294117648 0.032679738562091505
0 0.1588235294117647 0.13333333333333333 0.007352941176470588 0.036601307189542485
0 0.1536764705882353 0.1326797385620915 0.007352941176470588 0.03529411764705882
0 0.15 0.13725490196078433 0.0058823529411764705 0.03398692810457516
0 0.14779411764705883 0.15294117647058825 0.007352941176470588 0.0392156862745098
0 0.14816176470588235 0.1627450980392157 0.006617647058823529 0.022222222222222223
0 0.022058823529411766 0.17908496732026144 0.010294117647058823 0.03137254901960784
0 0.029044117647058824 0.1803921568627451 0.008088235294117648 0.03137254901960784
0 0.025735294117647058 0.14313725490196078 0.011764705882352941 0.043137254901960784
0 0.017279411764705883 0.14575163398692811 0.011029411764705883 0.0457516339869281
0 0.11727941176470588 0.11895424836601307 0.008088235294117648 0.0392156862745098
0 0.10661764705882353 0.12222222222222222 0.010294117647058823 0.040522875816993466
0 0.07169117647058823 0.1477124183006536 0.011029411764705883 0.044444444444444446
0 0.08308823529411764 0.13986928104575164 0.010294117647058823 0.04183006535947712
0 0.0974264705882353 0.18366013071895426 0.009558823529411765 0.040522875816993466
0 0.08970588235294118 0.1784313725490196 0.008823529411764706 0.0457516339869281
0 0.05919117647058823 0.14248366013071895 0.009558823529411765 0.03137254901960784
0 0.05588235294117647 0.14836601307189543 0.010294117647058823 0.030065359477124184
0 0.1474264705882353 0.22549019607843138 0.009558823529411765 0.030065359477124184
0 0.20661764705882352 0.3581699346405229 0.020588235294117647 0.05228758169934641
0 0.22941176470588234 0.3542483660130719 0.01764705882352941 0.044444444444444446
0 0.21544117647058825 0.3326797385620915 0.013235294117647059 0.03790849673202614
0 0.23051470588235295 0.29215686274509806 0.013970588235294118 0.040522875816993466
0 0.2595588235294118 0.29150326797385623 0.010294117647058823 0.054901960784313725
0 0.11102941176470588 0.0915032679738562 0.0058823529411764705 0.03137254901960784
0 0.1125 0.08823529411764706 0.007352941176470588 0.03790849673202614
0 0.29044117647058826 0.4568627450980392 0.01764705882352941 0.058823529411764705
0 0.28125 0.3836601307189543 0.021323529411764706 0.043137254901960784
0 0.28860294117647056 0.3464052287581699 0.019852941176470587 0.04183006535947712
0 0.2867647058823529 0.2901960784313726 0.016176470588235296 0.044444444444444446
0 0.24705882352941178 0.19281045751633988 0.010294117647058823 0.032679738562091505
0 0.30808823529411766 0.17058823529411765 0.008823529411764706 0.030065359477124184
0 0.2746323529411765 0.12091503267973856 0.008088235294117648 0.03790849673202614
0 0.06985294117647059 0.4973856209150327 0.014705882352941176 0.08496732026143791
0 0.03235294117647059 0.08366013071895424 0.010294117647058823 0.0392156862745098
0 0.23308823529411765 0.021568627450980392 0.0058823529411764705 0.02483660130718954
0 0.22977941176470587 0.02287581699346405 0.005147058823529412 0.02483660130718954
0 0.9680147058823529 0.5470588235294118 0.019852941176470587 0.06405228758169934
0 0.725735294117647 0.6111111111111112 0.01764705882352941 0.09019607843137255
0 0.7283088235294117 0.5843137254901961 0.016911764705882352 0.07320261437908497
0 0.6283088235294118 0.5183006535947713 0.013970588235294118 0.07450980392156863
0 0.5213235294117647 0.6235294117647059 0.01911764705882353 0.0915032679738562
0 0.5172794117647059 0.6019607843137255 0.019852941176470587 0.08496732026143791
0 0.5169117647058824 0.5522875816993464 0.016176470588235296 0.09281045751633987
0 0.5716911764705882 0.48366013071895425 0.01838235294117647 0.07320261437908497
0 0.5746323529411764 0.5398692810457516 0.013970588235294118 0.08366013071895424
0 0.4511029411764706 0.4398692810457516 0.013970588235294118 0.07973856209150326
0 0.4213235294117647 0.48562091503267973 0.013235294117647059 0.050980392156862744
0 0.39338235294117646 0.0542483660130719 0.0058823529411764705 0.027450980392156862
0 0.4459558823529412 0.05228758169934641 0.006617647058823529 0.02875816993464052
0 0.6341911764705882 0.20261437908496732 0.006617647058823529 0.04183006535947712
0 0.9654411764705882 0.20326797385620915 0.0058823529411764705 0.03790849673202614
0 0.9628676470588236 0.2019607843137255 0.009558823529411765 0.040522875816993466
0 0.993014705882353 0.24901960784313726 0.009558823529411765 0.040522875816993466
