0 0.3302083333333333 0.6731481481481482 0.014583333333333334 0.03888888888888889
0 0.3515625 0.6638888888888889 0.015625 0.04259259259259259
0 0.37395833333333334 0.6675925925925926 0.016666666666666666 0.04259259259259259
0 0.3796875 0.6148148148148148 0.015625 0.03333333333333333
0 0.38697916666666665 0.5685185185185185 0.015625 0.03333333333333333
0 0.39114583333333336 0.5740740740740741 0.013541666666666667 0.03333333333333333
0 0.4244791666666667 0.5398148148148149 0.013541666666666667 0.03148148148148148
0 0.4265625 0.5425925925925926 0.013541666666666667 0.03333333333333333
0 0.4354166666666667 0.5046296296296297 0.010416666666666666 0.020370370370370372
0 0.4515625 0.48333333333333334 0.011458333333333333 0.022222222222222223
0 0.43385416666666665 0.4648148148148148 0.011458333333333333 0.022222222222222223
0 0.40208333333333335 0.5222222222222223 0.010416666666666666 0.02962962962962963
0 0.278125 0.6953703703703704 0.022916666666666665 0.07592592592592592
0 0.3359375 0.6185185185185185 0.015625 0.05925925925925926
0 0.375 0.5453703703703704 0.0125 0.04259259259259259
0 0.19010416666666666 0.387037037037037 0.009375 0.03333333333333333
0 0.5416666666666666 0.5981481481481481 0.014583333333333334 0.05925925925925926
0 0.5692708333333333 0.5185185185185185 0.009375 0.040740740740740744
0 0.5505208333333333 0.4935185185185185 0.009375 0.04259259259259259
0 0.5380208333333333 0.43796296296296294 0.007291666666666667 0.03888888888888889
0 0.5338541666666666 0.44722222222222224 0.007291666666666667 0.03888888888888889
0 0.5161458333333333 0.4685185185185185 0.011458333333333333 0.025925925925925925
0 0.515625 0.4546296296296296 0.014583333333333334 0.03148148148148148
0 0.5197916666666667 0.44351851851851853 0.010416666666666666 0.03888888888888889
0 0.5411458333333333 0.37777777777777777 0.009375 0.037037037037037035
0 0.5479166666666667 0.36574074074074076 0.008333333333333333 0.03148148148148148
0 0.5192708333333333 0.31851851851851853 0.007291666666666667 0.018518518518518517
0 0.48333333333333334 0.3148148148148148 0.00625 0.014814814814814815
0 0.46145833333333336 0.42314814814814816 0.0125 0.020370370370370372
0 0.4510416666666667 0.39351851851851855 0.010416666666666666 0.024074074074074074
0 0.4546875 0.39537037037037037 0.009375 0.020370370370370372
0 0.4375 0.37592592592592594 0.008333333333333333 0.022222222222222223
0 0.4270833333333333 0.4462962962962963 0.010416666666666666 0.044444444444444446
0 0.43125 0.42407407407407405 0.008333333333333333 0.037037037037037035
0 0.4171875 0.4009259259259259 0.011458333333333333 0.03888888888888889
0 0.446875 0.3527777777777778 0.008333333333333333 0.027777777777777776
0 0.44947916666666665 0.3287037037037037 0.007291666666666667 0.027777777777777776
0 0.4625 0.3194444444444444 0.00625 0.024074074074074074
0 0.44114583333333335 0.33240740740740743 0.005208333333333333 0.020370370370370372
