0 0.7915441176470588 0.8627450980392157 0.016911764705882352 0.03398692810457516
0 0.736764705882353 0.8006535947712419 0.013235294117647059 0.040522875816993466
0 0.7308823529411764 0.7790849673202614 0.016176470588235296 0.047058823529411764
0 0.5095588235294117 0.07973856209150326 0.008823529411764706 0.026143790849673203
0 0.5235294117647059 0.2326797385620915 0.008823529411764706 0.02875816993464052
0 0.5897058823529412 0.5496732026143791 0.010294117647058823 0.03529411764705882
0 0.538235294117647 0.4503267973856209 0.007352941176470588 0.0457516339869281
0 0.5294117647058824 0.44836601307189544 0.007352941176470588 0.04183006535947712
0 0.36911764705882355 0.6026143790849673 0.011764705882352941 0.04967320261437908
0 0.5268382352941177 0.34967320261437906 0.009558823529411765 0.030065359477124184
0 0.4147058823529412 0.4300653594771242 0.010294117647058823 0.04183006535947712
0 0.4235294117647059 0.35751633986928105 0.010294117647058823 0.040522875816993466
0 0.47463235294117645 0.06013071895424837 0.005147058823529412 0.026143790849673203
