0 0.5433823529411764 0.48562091503267973 0.014705882352941176 0.07450980392156863
0 0.5011029411764706 0.48823529411764705 0.011029411764705883 0.06666666666666667
0 0.5143382352941176 0.5143790849673202 0.01838235294117647 0.05620915032679739
0 0.5161764705882353 0.7300653594771241 0.023529411764705882 0.0718954248366013
0 0.51875 0.6555555555555556 0.016911764705882352 0.06928104575163399
0 0.5147058823529411 0.5941176470588235 0.013235294117647059 0.06928104575163399
0 0.524264705882353 0.9620915032679739 0.029411764705882353 0.07320261437908497
0 0.3786764705882353 0.21372549019607842 0.008823529411764706 0.05359477124183006
0 0.39742647058823527 0.24509803921568626 0.013970588235294118 0.043137254901960784
0 0.3720588235294118 0.2281045751633987 0.010294117647058823 0.040522875816993466
0 0.5580882352941177 0.16013071895424835 0.008823529411764706 0.048366013071895426
0 0.5753676470588235 0.16797385620915034 0.009558823529411765 0.040522875816993466
0 0.59375 0.17058823529411765 0.008088235294117648 0.0457516339869281
0 0.6356617647058823 0.01568627450980392 0.011029411764705883 0.03137254901960784
0 0.9150735294117647 0.596078431372549 0.03161764705882353 0.08366013071895424
0 0.9691176470588235 0.7215686274509804 0.030882352941176472 0.0915032679738562
0 0.986764705882353 0.6581699346405229 0.022058823529411766 0.09019607843137255
