0 0.2265625 0.4 0.007291666666666667 0.022222222222222223
0 0.7213541666666666 0.46111111111111114 0.009375 0.040740740740740744
0 0.7369791666666666 0.4425925925925926 0.007291666666666667 0.040740740740740744
0 0.7401041666666667 0.40925925925925927 0.007291666666666667 0.03333333333333333
0 0.7359375 0.3925925925925926 0.005208333333333333 0.03333333333333333
0 0.7229166666666667 0.14722222222222223 0.004166666666666667 0.020370370370370372
0 0.7364583333333333 0.25555555555555554 0.00625 0.014814814814814815
0 0.7182291666666667 0.2518518518518518 0.005208333333333333 0.018518518518518517
0 0.7151041666666667 0.23981481481481481 0.005208333333333333 0.020370370370370372
0 0.7604166666666666 0.20555555555555555 0.004166666666666667 0.022222222222222223
0 0.7322916666666667 0.20555555555555555 0.00625 0.011111111111111112
0 0.5791666666666667 0.23055555555555557 0.004166666666666667 0.016666666666666666
0 0.5869791666666667 0.17685185185185184 0.005208333333333333 0.020370370370370372
