0 0.7408854166666666 0.8277777777777777 0.0171875 0.12222222222222222
0 0.6872395833333333 0.7875 0.019270833333333334 0.11574074074074074
0 0.41744791666666664 0.5814814814814815 0.0078125 0.04259259259259259
0 0.42239583333333336 0.5791666666666667 0.008333333333333333 0.041666666666666664
0 0.5973958333333333 0.6541666666666667 0.0125 0.058333333333333334
0 0.6036458333333333 0.6449074074074074 0.015625 0.05648148148148148
0 0.48802083333333335 0.5439814814814815 0.004166666666666667 0.021296296296296296
0 0.54765625 0.5226851851851851 0.0026041666666666665 0.017592592592592594
0 0.57578125 0.5777777777777777 0.0067708333333333336 0.025925925925925925
0 0.5669270833333333 0.5606481481481481 0.0067708333333333336 0.026851851851851852
0 0.5572916666666666 0.5513888888888889 0.005208333333333333 0.021296296296296296
0 0.5619791666666667 0.5449074074074074 0.004166666666666667 0.017592592592592594
0 0.57109375 0.5532407407407407 0.0046875 0.017592592592592594
