0 0.9360294117647059 0.30392156862745096 0.014705882352941176 0.043137254901960784
0 0.8698529411764706 0.2725490196078431 0.010294117647058823 0.03790849673202614
0 0.8264705882352941 0.25098039215686274 0.01764705882352941 0.05228758169934641
0 0.3830882352941177 0.7215686274509804 0.029411764705882353 0.11241830065359477
0 0.7933823529411764 0.3607843137254902 0.013235294117647059 0.03137254901960784
0 0.7205882352941176 0.6130718954248366 0.023529411764705882 0.07058823529411765
0 0.6290441176470588 0.6359477124183006 0.022794117647058822 0.06666666666666667
0 0.26176470588235295 0.5928104575163399 0.020588235294117647 0.058823529411764705
0 0.26875 0.592156862745098 0.027205882352941177 0.0784313725490196
0 0.03566176470588235 0.5575163398692811 0.030147058823529412 0.06143790849673202
0 0.3238970588235294 0.3032679738562091 0.011029411764705883 0.03137254901960784
0 0.36323529411764705 0.3209150326797386 0.014705882352941176 0.030065359477124184
0 0.18786764705882353 0.27124183006535946 0.009558823529411765 0.02483660130718954
0 0.21654411764705883 0.26209150326797387 0.009558823529411765 0.01699346405228758
