0 0.02426470588235294 0.8261437908496732 0.023529411764705882 0.08104575163398693
0 0.006617647058823529 0.807843137254902 0.013235294117647059 0.05751633986928104
0 0.35625 0.07712418300653595 0.005147058823529412 0.03137254901960784
0 0.9738970588235294 0.9764705882352941 0.030147058823529412 0.047058823529411764
0 0.6915441176470588 0.6372549019607843 0.0125 0.06143790849673202
0 0.7345588235294118 0.373202614379085 0.008823529411764706 0.03529411764705882
0 0.7360294117647059 0.3718954248366013 0.013235294117647059 0.043137254901960784
0 0.7404411764705883 0.37254901960784315 0.013235294117647059 0.04183006535947712
0 0.7194852941176471 0.2869281045751634 0.006617647058823529 0.040522875816993466
0 0.6761029411764706 0.361437908496732 0.011029411764705883 0.048366013071895426
0 0.6389705882352941 0.3359477124183007 0.0058823529411764705 0.03137254901960784
0 0.6360294117647058 0.33202614379084966 0.008823529411764706 0.0392156862745098
0 0.555514705882353 0.361437908496732 0.011029411764705883 0.043137254901960784
0 0.5345588235294118 0.27647058823529413 0.007352941176470588 0.043137254901960784
0 0.42867647058823527 0.00522875816993464 0.004411764705882353 0.01045751633986928
0 0.6334558823529411 0.21633986928104576 0.006617647058823529 0.030065359477124184
0 0.6448529411764706 0.2169934640522876 0.0058823529411764705 0.03398692810457516
0 0.6536764705882353 0.17973856209150327 0.004411764705882353 0.0196078431372549
0 0.4988970588235294 0.16862745098039217 0.008088235294117648 0.026143790849673203
0 0.46691176470588236 0.011111111111111112 0.004411764705882353 0.01437908496732026
0 0.4852941176470588 0.05947712418300653 0.004411764705882353 0.0196078431372549
0 0.48198529411764707 0.03725490196078431 0.005147058823529412 0.022222222222222223
