0 0.9352941176470588 0.722875816993464 0.023529411764705882 0.06013071895424837
0 0.4727941176470588 0.8477124183006536 0.01911764705882353 0.048366013071895426
0 0.38529411764705884 0.8464052287581699 0.016176470588235296 0.07712418300653595
0 0.5202205882352942 0.8163398692810457 0.01838235294117647 0.06143790849673202
0 0.033455882352941176 0.6078431372549019 0.01838235294117647 0.05751633986928104
0 0.32941176470588235 0.3058823529411765 0.0058823529411764705 0.03137254901960784
0 0.3352941176470588 0.3156862745098039 0.007352941176470588 0.03529411764705882
0 0.33897058823529413 0.3084967320261438 0.008823529411764706 0.03398692810457516
0 0.3463235294117647 0.30718954248366015 0.007352941176470588 0.03398692810457516
0 0.3547794117647059 0.30980392156862746 0.006617647058823529 0.036601307189542485
0 0.3860294117647059 0.26666666666666666 0.007352941176470588 0.03398692810457516
0 0.4900735294117647 0.12483660130718954 0.005147058823529412 0.02483660130718954
0 0.5095588235294117 0.14313725490196078 0.0058823529411764705 0.0196078431372549
0 0.5216911764705883 0.06143790849673202 0.003676470588235294 0.01568627450980392
0 0.7952205882352941 0.5679738562091503 0.013970588235294118 0.043137254901960784
0 0.8547794117647058 0.4196078431372549 0.006617647058823529 0.02875816993464052
0 0.8397058823529412 0.4065359477124183 0.013235294117647059 0.044444444444444446
0 0.5481617647058824 0.2647058823529412 0.006617647058823529 0.0196078431372549
0 0.544485294117647 0.26209150326797387 0.006617647058823529 0.02483660130718954
0 0.6919117647058823 0.10392156862745099 0.004411764705882353 0.0196078431372549
0 0.6680147058823529 0.07712418300653595 0.003676470588235294 0.018300653594771243
0 0.6268382352941176 0.08627450980392157 0.005147058823529412 0.018300653594771243
0 0.625 0.06274509803921569 0.004411764705882353 0.01568627450980392
0 0.5294117647058824 0.01895424836601307 0.0029411764705882353 0.009150326797385621
0 0.15588235294117647 0.5516339869281046 0.010294117647058823 0.047058823529411764
0 0.14558823529411766 0.5483660130718955 0.014705882352941176 0.05620915032679739
