0 0.015808823529411764 0.8437908496732026 0.0125 0.06143790849673202
0 0.029044117647058824 0.8274509803921568 0.013970588235294118 0.05751633986928104
0 0.04411764705882353 0.8241830065359477 0.013235294117647059 0.05620915032679739
0 0.08529411764705883 0.9065359477124183 0.008823529411764706 0.040522875816993466
0 0.29558823529411765 0.5202614379084968 0.007352941176470588 0.03398692810457516
0 0.46286764705882355 0.7300653594771241 0.011029411764705883 0.0457516339869281
0 0.79375 0.8437908496732026 0.013970588235294118 0.0457516339869281
0 0.9154411764705882 0.7647058823529411 0.008823529411764706 0.04183006535947712
0 0.8974264705882353 0.7549019607843137 0.009558823529411765 0.0457516339869281
0 0.9169117647058823 0.7483660130718954 0.007352941176470588 0.03529411764705882
0 0.7908088235294117 0.6496732026143791 0.008088235294117648 0.0392156862745098
0 0.9665441176470588 0.6392156862745098 0.006617647058823529 0.018300653594771243
0 0.9599264705882353 0.6450980392156863 0.009558823529411765 0.02483660130718954
