0 0.4319852941176471 0.08431372549019608 0.003676470588235294 0.01699346405228758
0 0.4279411764705882 0.18888888888888888 0.0058823529411764705 0.01437908496732026
0 0.4363970588235294 0.26601307189542484 0.005147058823529412 0.011764705882352941
0 0.5617647058823529 0.5516339869281046 0.004411764705882353 0.00522875816993464
0 0.5617647058823529 0.5647058823529412 0.0058823529411764705 0.01568627450980392
0 0.41654411764705884 0.6823529411764706 0.006617647058823529 0.01568627450980392
0 0.5522058823529412 0.8045751633986928 0.007352941176470588 0.011764705882352941
0 0.42830882352941174 0.9816993464052287 0.003676470588235294 0.018300653594771243
0 0.6242647058823529 0.742483660130719 0.0058823529411764705 0.013071895424836602
0 0.6363970588235294 0.7392156862745098 0.003676470588235294 0.011764705882352941
0 0.625 0.757516339869281 0.004411764705882353 0.011764705882352941
0 0.5705882352941176 0.5418300653594771 0.0058823529411764705 0.009150326797385621
0 0.5772058823529411 0.5411764705882353 0.0029411764705882353 0.00522875816993464
0 0.37941176470588234 0.15490196078431373 0.004411764705882353 0.01437908496732026
0 0.375 0.15294117647058825 0.0029411764705882353 0.00784313725490196
0 0.3224264705882353 0.3790849673202614 0.006617647058823529 0.013071895424836602
