0 0.5515625 0.8537037037037037 0.026041666666666668 0.07777777777777778
0 0.6786458333333333 0.8675925925925926 0.021875 0.06111111111111111
0 0.4578125 0.6370370370370371 0.015625 0.044444444444444446
0 0.446875 0.5370370370370371 0.0125 0.037037037037037035
0 0.46145833333333336 0.5 0.0125 0.037037037037037035
0 0.46197916666666666 0.475 0.011458333333333333 0.027777777777777776
0 0.37395833333333334 0.687037037037037 0.008333333333333333 0.03333333333333333
0 0.19322916666666667 0.6324074074074074 0.015625 0.03888888888888889
0 0.17708333333333334 0.6574074074074074 0.014583333333333334 0.040740740740740744
0 0.175 0.6472222222222223 0.01875 0.04259259259259259
0 0.20208333333333334 0.6481481481481481 0.025 0.044444444444444446
0 0.55625 0.5296296296296297 0.0125 0.040740740740740744
0 0.5291666666666667 0.4648148148148148 0.0125 0.037037037037037035
0 0.5536458333333333 0.462037037037037 0.007291666666666667 0.03518518518518519
0 0.565625 0.4638888888888889 0.010416666666666666 0.03888888888888889
0 0.5875 0.5398148148148149 0.014583333333333334 0.05
0 0.3807291666666667 0.6916666666666667 0.011458333333333333 0.07222222222222222
0 0.6197916666666666 0.6759259259259259 0.0125 0.06296296296296296
0 0.240625 0.6805555555555556 0.01875 0.07592592592592592
0 0.2760416666666667 0.6962962962962963 0.008333333333333333 0.040740740740740744
0 0.28854166666666664 0.7240740740740741 0.029166666666666667 0.08518518518518518
0 0.29322916666666665 0.737037037037037 0.015625 0.07037037037037037
0 0.3145833333333333 0.7166666666666667 0.020833333333333332 0.07037037037037037
0 0.32916666666666666 0.8777777777777778 0.016666666666666666 0.07037037037037037
0 0.34270833333333334 0.937037037037037 0.022916666666666665 0.1037037037037037
0 0.3296875 0.9407407407407408 0.015625 0.1
0 0.334375 0.9648148148148148 0.020833333333333332 0.07037037037037037
0 0.3223958333333333 0.9740740740740741 0.017708333333333333 0.05185185185185185
0 0.2859375 0.9629629629629629 0.028125 0.07407407407407407
0 0.35520833333333335 0.6361111111111111 0.0125 0.053703703703703705
0 0.6692708333333334 0.5740740740740741 0.009375 0.05925925925925926
0 0.603125 0.5296296296296297 0.008333333333333333 0.037037037037037035
0 0.6046875 0.4898148148148148 0.009375 0.05740740740740741
0 0.5864583333333333 0.4787037037037037 0.010416666666666666 0.05
0 0.5916666666666667 0.45555555555555555 0.00625 0.025925925925925925
0 0.584375 0.42962962962962964 0.00625 0.040740740740740744
0 0.5734375 0.45925925925925926 0.005208333333333333 0.044444444444444446
0 0.3932291666666667 0.49166666666666664 0.013541666666666667 0.04259259259259259
0 0.39739583333333334 0.47962962962962963 0.013541666666666667 0.02962962962962963
0 0.6572916666666667 0.4425925925925926 0.008333333333333333 0.025925925925925925
0 0.34010416666666665 0.45740740740740743 0.007291666666666667 0.03333333333333333
0 0.4114583333333333 0.41388888888888886 0.00625 0.03518518518518519
0 0.4161458333333333 0.40925925925925927 0.005208333333333333 0.040740740740740744
0 0.39947916666666666 0.38333333333333336 0.005208333333333333 0.02962962962962963
0 0.40260416666666665 0.3851851851851852 0.007291666666666667 0.025925925925925925
