0 0.525 0.36203703703703705 0.008333333333333333 0.04259259259259259
0 0.6171875 0.812037037037037 0.015625 0.08703703703703704
0 0.6364583333333333 0.8212962962962963 0.016666666666666666 0.07962962962962963
0 0.5625 0.4009259259259259 0.010416666666666666 0.053703703703703705
0 0.5479166666666667 0.4083333333333333 0.008333333333333333 0.053703703703703705
0 0.6442708333333333 0.7138888888888889 0.017708333333333333 0.07592592592592592
0 0.2520833333333333 0.700925925925926 0.016666666666666666 0.07222222222222222
0 0.28229166666666666 0.6259259259259259 0.016666666666666666 0.06666666666666667
0 0.25833333333333336 0.662962962962963 0.01875 0.06666666666666667
0 0.2625 0.649074074074074 0.010416666666666666 0.03888888888888889
0 0.2390625 0.5435185185185185 0.013541666666666667 0.053703703703703705
0 0.21875 0.524074074074074 0.016666666666666666 0.05925925925925926
0 0.20729166666666668 0.525 0.0125 0.06111111111111111
0 0.39427083333333335 0.2638888888888889 0.009375 0.03888888888888889
0 0.4473958333333333 0.22314814814814815 0.009375 0.027777777777777776
0 0.5010416666666667 0.3314814814814815 0.010416666666666666 0.02962962962962963
0 0.5015625 0.3435185185185185 0.007291666666666667 0.027777777777777776
0 0.5333333333333333 0.35648148148148145 0.008333333333333333 0.053703703703703705
0 0.5401041666666667 0.3611111111111111 0.009375 0.04814814814814815
0 0.5671875 0.7842592592592592 0.017708333333333333 0.06851851851851852
0 0.5703125 0.787962962962963 0.013541666666666667 0.053703703703703705
0 0.5260416666666666 0.8277777777777777 0.01875 0.05555555555555555
0 0.528125 0.8518518518518519 0.016666666666666666 0.044444444444444446
0 0.5567708333333333 0.9481481481481482 0.015625 0.05555555555555555
0 0.59375 0.9388888888888889 0.01875 0.05925925925925926
0 0.9265625 0.2462962962962963 0.009375 0.044444444444444446
0 0.7932291666666667 0.2490740740740741 0.009375 0.03148148148148148
0 0.7848958333333333 0.2462962962962963 0.009375 0.02962962962962963
0 0.7421875 0.2935185185185185 0.011458333333333333 0.03148148148148148
0 0.75625 0.29074074074074074 0.014583333333333334 0.03333333333333333
0 0.7640625 0.262037037037037 0.011458333333333333 0.03518518518518519
0 0.7729166666666667 0.2657407407407407 0.010416666666666666 0.024074074074074074
0 0.79375 0.26851851851851855 0.0125 0.02962962962962963
0 0.8114583333333333 0.2722222222222222 0.010416666666666666 0.03333333333333333
0 0.8244791666666667 0.27314814814814814 0.011458333333333333 0.03518518518518519
0 0.8619791666666666 0.2638888888888889 0.011458333333333333 0.027777777777777776
0 0.878125 0.26296296296296295 0.0125 0.03333333333333333
0 0.8953125 0.48148148148148145 0.013541666666666667 0.03333333333333333
0 0.9130208333333333 0.5111111111111111 0.011458333333333333 0.05925925925925926
0 0.9401041666666666 0.5083333333333333 0.019791666666666666 0.05
0 0.94375 0.6157407407407407 0.020833333333333332 0.04259259259259259
0 0.9708333333333333 0.6185185185185185 0.014583333333333334 0.03333333333333333
0 0.9161458333333333 0.75 0.021875 0.06296296296296296
0 0.98125 0.7388888888888889 0.025 0.05185185185185185
0 0.8729166666666667 0.7416666666666667 0.020833333333333332 0.08333333333333333
0 0.8286458333333333 0.1685185185185185 0.007291666666666667 0.037037037037037035
0 0.8526041666666667 0.16203703703703703 0.007291666666666667 0.03888888888888889
0 0.878125 0.175 0.008333333333333333 0.03888888888888889
0 0.8411458333333334 0.16203703703703703 0.007291666666666667 0.024074074074074074
