0 0.35661764705882354 0.5235294117647059 0.013235294117647059 0.0457516339869281
0 0.35551470588235295 0.5830065359477125 0.0125 0.036601307189542485
0 0.2963235294117647 0.5 0.010294117647058823 0.0457516339869281
0 0.8044117647058824 0.757516339869281 0.013235294117647059 0.06143790849673202
0 0.8047794117647059 0.7516339869281046 0.009558823529411765 0.02875816993464052
0 0.6202205882352941 0.19738562091503267 0.005147058823529412 0.02091503267973856
0 0.5551470588235294 0.32745098039215687 0.0058823529411764705 0.022222222222222223
0 0.40955882352941175 0.33137254901960783 0.007352941176470588 0.027450980392156862
0 0.36617647058823527 0.4568627450980392 0.008823529411764706 0.048366013071895426
0 0.10147058823529412 0.3790849673202614 0.008823529411764706 0.0392156862745098
0 0.04375 0.4339869281045752 0.0125 0.026143790849673203
0 0.22463235294117648 0.4300653594771242 0.009558823529411765 0.036601307189542485
0 0.22941176470588234 0.426797385620915 0.008823529411764706 0.03790849673202614
0 0.23198529411764707 0.42287581699346405 0.008088235294117648 0.040522875816993466
0 0.23455882352941176 0.40980392156862744 0.007352941176470588 0.032679738562091505
0 0.21507352941176472 0.4189542483660131 0.009558823529411765 0.03529411764705882
0 0.19191176470588237 0.4111111111111111 0.010294117647058823 0.03790849673202614
0 0.2051470588235294 0.4084967320261438 0.008823529411764706 0.03529411764705882
0 0.2073529411764706 0.39869281045751637 0.008823529411764706 0.03398692810457516
0 0.18051470588235294 0.41633986928104577 0.008088235294117648 0.030065359477124184
0 0.1827205882352941 0.4143790849673203 0.006617647058823529 0.02875816993464052
0 0.1661764705882353 0.3980392156862745 0.007352941176470588 0.032679738562091505
0 0.20845588235294119 0.38758169934640524 0.008088235294117648 0.03529411764705882
0 0.07279411764705883 0.465359477124183 0.011764705882352941 0.01568627450980392
0 0.4404411764705882 0.16143790849673204 0.004411764705882353 0.01437908496732026
0 0.44816176470588237 0.12549019607843137 0.003676470588235294 0.013071895424836602
0 0.45698529411764705 0.12483660130718954 0.0022058823529411764 0.01437908496732026
0 0.4852941176470588 0.09542483660130718 0.0029411764705882353 0.01568627450980392
