0 0.8430147058823529 0.5464052287581699 0.016911764705882352 0.07058823529411765
0 0.8658088235294118 0.5339869281045752 0.016911764705882352 0.06405228758169934
0 0.6602941176470588 0.19281045751633988 0.007352941176470588 0.03529411764705882
0 0.5536764705882353 0.28104575163398693 0.013235294117647059 0.044444444444444446
0 0.5290441176470588 0.13725490196078433 0.009558823529411765 0.026143790849673203
0 0.5481617647058824 0.0934640522875817 0.008088235294117648 0.032679738562091505
0 0.46911764705882353 0.07777777777777778 0.0058823529411764705 0.022222222222222223
0 0.5463235294117647 0.06013071895424837 0.004411764705882353 0.02091503267973856
0 0.5327205882352941 0.03790849673202614 0.005147058823529412 0.018300653594771243
0 0.5191176470588236 0.05032679738562092 0.0029411764705882353 0.01699346405228758
0 0.5150735294117647 0.05163398692810457 0.006617647058823529 0.01699346405228758
0 0.5643382352941176 0.0934640522875817 0.003676470588235294 0.0196078431372549
0 0.5643382352941176 0.08954248366013072 0.003676470588235294 0.022222222222222223
0 0.6481617647058824 0.1326797385620915 0.005147058823529412 0.02483660130718954
0 0.6584558823529412 0.14248366013071895 0.005147058823529412 0.023529411764705882
0 0.6591911764705882 0.15359477124183007 0.003676470588235294 0.0196078431372549
0 0.6514705882352941 0.14705882352941177 0.004411764705882353 0.022222222222222223
0 0.743014705882353 0.24313725490196078 0.011029411764705883 0.044444444444444446
0 0.6466911764705883 0.044444444444444446 0.003676470588235294 0.018300653594771243
0 0.6455882352941177 0.042483660130718956 0.004411764705882353 0.022222222222222223
0 0.18566176470588236 0.4084967320261438 0.016911764705882352 0.05620915032679739
0 0.2974264705882353 0.20392156862745098 0.008088235294117648 0.03398692810457516
