0 0.7658088235294118 0.4137254901960784 0.006617647058823529 0.032679738562091505
0 0.7566176470588235 0.3130718954248366 0.0058823529411764705 0.02483660130718954
0 0.7617647058823529 0.31895424836601305 0.004411764705882353 0.01568627450980392
0 0.7485294117647059 0.2973856209150327 0.0058823529411764705 0.0196078431372549
0 0.7720588235294118 0.1830065359477124 0.0029411764705882353 0.01045751633986928
0 0.7772058823529412 0.18235294117647058 0.004411764705882353 0.011764705882352941
0 0.7338235294117647 0.2065359477124183 0.0029411764705882353 0.01045751633986928
0 0.736764705882353 0.2084967320261438 0.0029411764705882353 0.011764705882352941
0 0.6503676470588236 0.5732026143790849 0.011029411764705883 0.043137254901960784
0 0.26580882352941176 0.7189542483660131 0.013970588235294118 0.05751633986928104
0 0.11102941176470588 0.6026143790849673 0.014705882352941176 0.047058823529411764
0 0.08455882352941177 0.4477124183006536 0.008823529411764706 0.030065359477124184
0 0.14926470588235294 0.44836601307189544 0.008823529411764706 0.03137254901960784
0 0.28051470588235294 0.47124183006535947 0.009558823529411765 0.03529411764705882
0 0.2908088235294118 0.46339869281045754 0.008088235294117648 0.03790849673202614
0 0.29926470588235293 0.46405228758169936 0.007352941176470588 0.036601307189542485
0 0.46433823529411766 0.4411764705882353 0.009558823529411765 0.02483660130718954
0 0.47316176470588234 0.3915032679738562 0.006617647058823529 0.02483660130718954
0 0.5772058823529411 0.20130718954248367 0.0029411764705882353 0.013071895424836602
0 0.58125 0.19084967320261437 0.003676470588235294 0.01568627450980392
0 0.6444852941176471 0.20588235294117646 0.003676470588235294 0.011764705882352941
0 0.5621323529411765 0.3104575163398693 0.005147058823529412 0.01699346405228758
0 0.575735294117647 0.3176470588235294 0.0058823529411764705 0.02091503267973856
0 0.5408088235294117 0.40326797385620916 0.008088235294117648 0.030065359477124184
