0 0.5864583333333333 0.9712962962962963 0.029166666666666667 0.053703703703703705
0 0.27291666666666664 0.9537037037037037 0.027083333333333334 0.07777777777777778
0 0.30052083333333335 0.8407407407407408 0.026041666666666668 0.05555555555555555
0 0.28020833333333334 0.9444444444444444 0.01875 0.06296296296296296
0 0.3307291666666667 0.6527777777777778 0.015625 0.03518518518518519
0 0.5229166666666667 0.612037037037037 0.014583333333333334 0.03518518518518519
0 0.7 0.9120370370370371 0.020833333333333332 0.07222222222222222
0 0.3796875 0.4962962962962963 0.013541666666666667 0.02962962962962963
0 0.3625 0.4703703703703704 0.014583333333333334 0.02962962962962963
0 0.39427083333333335 0.45185185185185184 0.009375 0.037037037037037035
