0 0.5104166666666666 0.399537037037037 0.005208333333333333 0.019444444444444445
0 0.49583333333333335 0.3990740740740741 0.004166666666666667 0.018518518518518517
0 0.77421875 0.774074074074074 0.015104166666666667 0.07592592592592592
0 0.7213541666666666 0.6416666666666667 0.009375 0.05555555555555555
0 0.69140625 0.5532407407407407 0.013020833333333334 0.04537037037037037
0 0.5700520833333333 0.4203703703703704 0.005729166666666666 0.016666666666666666
0 0.5752604166666667 0.4222222222222222 0.0046875 0.012962962962962963
0 0.5734375 0.4305555555555556 0.004166666666666667 0.016666666666666666
0 0.5625 0.412962962962963 0.005208333333333333 0.018518518518518517
0 0.5760416666666667 0.40324074074074073 0.005208333333333333 0.019444444444444445
0 0.3611979166666667 0.3787037037037037 0.0036458333333333334 0.016666666666666666
0 0.3658854166666667 0.38564814814814813 0.0036458333333333334 0.017592592592592594
0 0.3651041666666667 0.37916666666666665 0.004166666666666667 0.01574074074074074
0 0.37916666666666665 0.3912037037037037 0.00625 0.01574074074074074
0 0.3963541666666667 0.4546296296296296 0.005208333333333333 0.018518518518518517
0 0.41302083333333334 0.4532407407407407 0.005208333333333333 0.019444444444444445
0 0.43802083333333336 0.412962962962963 0.004166666666666667 0.014814814814814815
0 0.43463541666666666 0.41898148148148145 0.0046875 0.017592592592592594
0 0.44427083333333334 0.42916666666666664 0.004166666666666667 0.017592592592592594
0 0.4359375 0.43194444444444446 0.005208333333333333 0.017592592592592594
0 0.42604166666666665 0.43657407407407406 0.005208333333333333 0.019444444444444445
0 0.43072916666666666 0.43657407407407406 0.005208333333333333 0.017592592592592594
0 0.42864583333333334 0.42916666666666664 0.004166666666666667 0.01574074074074074
0 0.3692708333333333 0.43657407407407406 0.004166666666666667 0.021296296296296296
0 0.35989583333333336 0.4351851851851852 0.005208333333333333 0.025925925925925925
0 0.36380208333333336 0.43425925925925923 0.0036458333333333334 0.025925925925925925
0 0.33932291666666664 0.4388888888888889 0.0067708333333333336 0.027777777777777776
0 0.3106770833333333 0.4703703703703704 0.0078125 0.03148148148148148
0 0.3265625 0.4615740740740741 0.005208333333333333 0.025
0 0.3346354166666667 0.5296296296296297 0.0078125 0.040740740740740744
0 0.35130208333333335 0.5421296296296296 0.0067708333333333336 0.030555555555555555
0 0.22317708333333333 0.524074074074074 0.008854166666666666 0.04259259259259259
0 0.23177083333333334 0.5236111111111111 0.007291666666666667 0.04351851851851852
0 0.23723958333333334 0.5259259259259259 0.008854166666666666 0.03518518518518519
0 0.25104166666666666 0.5101851851851852 0.008333333333333333 0.03148148148148148
0 0.04921875 0.5800925925925926 0.0140625 0.05277777777777778
0 0.07109375 0.5537037037037037 0.013020833333333334 0.025925925925925925
0 0.08697916666666666 0.5476851851851852 0.014583333333333334 0.028703703703703703
0 0.10260416666666666 0.5444444444444444 0.010416666666666666 0.02962962962962963
0 0.10416666666666667 0.7444444444444445 0.015625 0.06666666666666667
0 0.007552083333333333 0.8361111111111111 0.0140625 0.08333333333333333
0 0.21927083333333333 0.7402777777777778 0.013541666666666667 0.062037037037037036
0 0.6276041666666666 0.49398148148148147 0.005208333333333333 0.032407407407407406
0 0.62421875 0.4949074074074074 0.005729166666666666 0.032407407407407406
0 0.5846354166666666 0.5319444444444444 0.0078125 0.030555555555555555
0 0.6052083333333333 0.412962962962963 0.005208333333333333 0.014814814814814815
0 0.5950520833333334 0.4041666666666667 0.005729166666666666 0.013888888888888888
0 0.5473958333333333 0.3875 0.003125 0.017592592592592594
0 0.5419270833333333 0.37592592592592594 0.0026041666666666665 0.007407407407407408
0 0.5442708333333334 0.37916666666666665 0.003125 0.010185185185185186
0 0.22630208333333332 0.4486111111111111 0.0067708333333333336 0.030555555555555555
0 0.20989583333333334 0.4597222222222222 0.007291666666666667 0.03611111111111111
0 0.29244791666666664 0.41064814814814815 0.0046875 0.021296296296296296
0 0.28802083333333334 0.41203703703703703 0.004166666666666667 0.027777777777777776
0 0.28229166666666666 0.4148148148148148 0.003125 0.022222222222222223
0 0.2872395833333333 0.40046296296296297 0.0046875 0.023148148148148147
0 0.28411458333333334 0.40185185185185185 0.0036458333333333334 0.022222222222222223
0 0.4591145833333333 0.38796296296296295 0.0036458333333333334 0.011111111111111112
0 0.46588541666666666 0.3824074074074074 0.0036458333333333334 0.011111111111111112
