0 0.803125 0.8481481481481481 0.01875 0.05925925925925926
0 0.8380208333333333 0.5712962962962963 0.017708333333333333 0.05
0 0.25833333333333336 0.6027777777777777 0.014583333333333334 0.046296296296296294
0 0.1453125 0.6462962962962963 0.015625 0.05185185185185185
0 0.13958333333333334 0.6398148148148148 0.010416666666666666 0.04259259259259259
0 0.159375 0.6361111111111111 0.0125 0.04259259259259259
0 0.159375 0.512962962962963 0.016666666666666666 0.040740740740740744
0 0.15989583333333332 0.41388888888888886 0.017708333333333333 0.03888888888888889
0 0.24947916666666667 0.35462962962962963 0.009375 0.03518518518518519
0 0.3151041666666667 0.2962962962962963 0.007291666666666667 0.03333333333333333
0 0.36302083333333335 0.2861111111111111 0.009375 0.027777777777777776
0 0.184375 0.3287037037037037 0.0125 0.03888888888888889
0 0.31614583333333335 0.18518518518518517 0.007291666666666667 0.040740740740740744
0 0.3776041666666667 0.18611111111111112 0.007291666666666667 0.020370370370370372
0 0.2598958333333333 0.6601851851851852 0.013541666666666667 0.03518518518518519
0 0.49895833333333334 0.4888888888888889 0.010416666666666666 0.02962962962962963
0 0.5401041666666667 0.41759259259259257 0.011458333333333333 0.03148148148148148
0 0.6 0.05092592592592592 0.004166666666666667 0.020370370370370372
0 0.6057291666666667 0.04814814814814815 0.005208333333333333 0.022222222222222223
0 0.4661458333333333 0.08981481481481482 0.005208333333333333 0.024074074074074074
0 0.5078125 0.08888888888888889 0.007291666666666667 0.022222222222222223
0 0.5140625 0.08055555555555556 0.005208333333333333 0.027777777777777776
0 0.5114583333333333 0.07592592592592592 0.00625 0.02962962962962963
0 0.0484375 0.38796296296296295 0.019791666666666666 0.04259259259259259
0 0.008854166666666666 0.4351851851851852 0.017708333333333333 0.040740740740740744
0 0.12604166666666666 0.2564814814814815 0.010416666666666666 0.03148148148148148
0 0.12135416666666667 0.2564814814814815 0.009375 0.03518518518518519
0 0.4 0.11018518518518519 0.00625 0.020370370370370372
0 0.39114583333333336 0.1361111111111111 0.007291666666666667 0.020370370370370372
0 0.3333333333333333 0.05925925925925926 0.00625 0.022222222222222223
0 0.14895833333333333 0.15648148148148147 0.008333333333333333 0.03148148148148148
0 0.16041666666666668 0.17037037037037037 0.010416666666666666 0.02962962962962963
0 0.3625 0.07685185185185185 0.00625 0.027777777777777776
0 0.3645833333333333 0.075 0.004166666666666667 0.027777777777777776
0 0.33541666666666664 0.03518518518518519 0.004166666666666667 0.018518518518518517
0 0.11510416666666666 0.2361111111111111 0.007291666666666667 0.024074074074074074
0 0.11979166666666667 0.22962962962962963 0.010416666666666666 0.037037037037037035
0 0.08125 0.1814814814814815 0.008333333333333333 0.02962962962962963
0 0.5802083333333333 0.017592592592592594 0.00625 0.020370370370370372
