0 0.5734375 0.4634259259259259 0.009375 0.030555555555555555
0 0.60390625 0.5203703703703704 0.008854166666666666 0.044444444444444446
0 0.57734375 0.49027777777777776 0.0067708333333333336 0.025
0 0.020572916666666666 0.5527777777777778 0.009895833333333333 0.03888888888888889
0 0.035416666666666666 0.5277777777777778 0.011458333333333333 0.037037037037037035
0 0.06484375 0.55 0.008854166666666666 0.04259259259259259
0 0.06901041666666667 0.5027777777777778 0.009895833333333333 0.03888888888888889
0 0.018489583333333334 0.5078703703703704 0.009895833333333333 0.021296296296296296
0 0.09609375 0.5120370370370371 0.008854166666666666 0.03888888888888889
0 0.10338541666666666 0.5106481481481482 0.0078125 0.041666666666666664
0 0.10078125 0.46574074074074073 0.0078125 0.03148148148148148
0 0.12604166666666666 0.4777777777777778 0.00625 0.024074074074074074
0 0.07994791666666666 0.45787037037037037 0.0078125 0.025
0 0.18723958333333332 0.44074074074074077 0.0067708333333333336 0.03148148148148148
0 0.19322916666666667 0.4388888888888889 0.007291666666666667 0.03148148148148148
0 0.19036458333333334 0.41388888888888886 0.005729166666666666 0.025925925925925925
0 0.19661458333333334 0.412962962962963 0.005729166666666666 0.025925925925925925
0 0.21666666666666667 0.3888888888888889 0.005208333333333333 0.027777777777777776
0 0.22734375 0.37592592592592594 0.005729166666666666 0.022222222222222223
0 0.24244791666666668 0.37916666666666665 0.0067708333333333336 0.025
0 0.2520833333333333 0.37824074074074077 0.005208333333333333 0.025
0 0.25703125 0.3625 0.005729166666666666 0.023148148148148147
0 0.24348958333333334 0.32731481481481484 0.005729166666666666 0.021296296296296296
0 0.27421875 0.3347222222222222 0.0046875 0.019444444444444445
0 0.20911458333333333 0.5120370370370371 0.005729166666666666 0.03518518518518519
0 0.16328125 0.5143518518518518 0.009895833333333333 0.028703703703703703
0 0.19765625 0.4652777777777778 0.0067708333333333336 0.025
0 0.221875 0.38935185185185184 0.00625 0.023148148148148147
0 0.22109375 0.3787037037037037 0.005729166666666666 0.022222222222222223
0 0.25 0.3263888888888889 0.004166666666666667 0.021296296296296296
0 0.25234375 0.32731481481481484 0.0046875 0.019444444444444445
0 0.25625 0.31805555555555554 0.005208333333333333 0.021296296296296296
0 0.88828125 0.9444444444444444 0.019270833333333334 0.04814814814814815
0 0.9317708333333333 0.9805555555555555 0.019791666666666666 0.03888888888888889
0 0.9546875 0.9856481481481482 0.016666666666666666 0.028703703703703703
0 0.7955729166666666 0.7722222222222223 0.011979166666666667 0.04259259259259259
0 0.8346354166666666 0.5310185185185186 0.0078125 0.03611111111111111
0 0.84296875 0.5305555555555556 0.0067708333333333336 0.037037037037037035
0 0.7786458333333334 0.4513888888888889 0.007291666666666667 0.032407407407407406
0 0.78671875 0.45416666666666666 0.0067708333333333336 0.032407407407407406
0 0.6666666666666666 0.5569444444444445 0.008333333333333333 0.021296296296296296
0 0.6877604166666667 0.5555555555555556 0.009895833333333333 0.022222222222222223
0 0.6330729166666667 0.4388888888888889 0.0078125 0.027777777777777776
0 0.6330729166666667 0.4875 0.0067708333333333336 0.030555555555555555
0 0.64765625 0.5092592592592593 0.005729166666666666 0.027777777777777776
0 0.6125 0.42824074074074076 0.005208333333333333 0.023148148148148147
0 0.6171875 0.4462962962962963 0.00625 0.020370370370370372
0 0.9575520833333333 0.6518518518518519 0.011979166666666667 0.05
0 0.024479166666666666 0.5944444444444444 0.0125 0.03888888888888889
0 0.6065104166666667 0.3939814814814815 0.0046875 0.023148148148148147
0 0.6109375 0.37083333333333335 0.004166666666666667 0.021296296296296296
0 0.6013020833333333 0.37083333333333335 0.005729166666666666 0.025
0 0.5911458333333334 0.4 0.005208333333333333 0.022222222222222223
0 0.60234375 0.33935185185185185 0.0046875 0.019444444444444445
0 0.6044270833333333 0.33425925925925926 0.0036458333333333334 0.016666666666666666
0 0.5919270833333333 0.36898148148148147 0.005729166666666666 0.013888888888888888
0 0.58984375 0.33425925925925926 0.0036458333333333334 0.022222222222222223
0 0.5958333333333333 0.3300925925925926 0.004166666666666667 0.012037037037037037
0 0.5927083333333333 0.34120370370370373 0.00625 0.013888888888888888
0 0.55 0.37407407407407406 0.004166666666666667 0.016666666666666666
0 0.540625 0.37222222222222223 0.005208333333333333 0.014814814814814815
0 0.55234375 0.34120370370370373 0.0046875 0.021296296296296296
0 0.5635416666666667 0.33796296296296297 0.004166666666666667 0.022222222222222223
0 0.5520833333333334 0.35462962962962963 0.005208333333333333 0.014814814814814815
0 0.5713541666666667 0.3314814814814815 0.003125 0.018518518518518517
0 0.5747395833333333 0.3314814814814815 0.0036458333333333334 0.018518518518518517
0 0.5802083333333333 0.33055555555555555 0.004166666666666667 0.020370370370370372
0 0.57109375 0.34305555555555556 0.0046875 0.01574074074074074
0 0.5729166666666666 0.31527777777777777 0.003125 0.01574074074074074
0 0.57578125 0.3148148148148148 0.0036458333333333334 0.016666666666666666
0 0.7497395833333333 0.4203703703703704 0.0067708333333333336 0.027777777777777776
0 0.7546875 0.42916666666666664 0.005208333333333333 0.025
0 0.6671875 0.38657407407407407 0.007291666666666667 0.017592592592592594
0 0.6864583333333333 0.38842592592592595 0.005208333333333333 0.025
0 0.6825520833333333 0.38935185185185184 0.005729166666666666 0.023148148148148147
0 0.6747395833333333 0.40370370370370373 0.0046875 0.020370370370370372
0 0.6783854166666666 0.4 0.005729166666666666 0.025925925925925925
0 0.7447916666666666 0.9078703703703703 0.016666666666666666 0.075
0 0.7473958333333334 0.924537037037037 0.014583333333333334 0.075
0 0.771875 0.9699074074074074 0.016666666666666666 0.06018518518518518
0 0.7940104166666667 0.9643518518518519 0.019270833333333334 0.06759259259259259
0 0.12708333333333333 0.5138888888888888 0.008333333333333333 0.027777777777777776
0 0.08723958333333333 0.40555555555555556 0.0078125 0.02962962962962963
0 0.09973958333333334 0.4041666666666667 0.0078125 0.026851851851851852
0 0.26953125 0.3074074074074074 0.0036458333333333334 0.018518518518518517
0 0.27265625 0.3055555555555556 0.0046875 0.020370370370370372
0 0.2786458333333333 0.30277777777777776 0.004166666666666667 0.020370370370370372
0 0.28515625 0.33101851851851855 0.0046875 0.019444444444444445
0 0.28072916666666664 0.3314814814814815 0.004166666666666667 0.020370370370370372
0 0.30026041666666664 0.2824074074074074 0.0046875 0.016666666666666666
0 0.2833333333333333 0.3037037037037037 0.004166666666666667 0.018518518518518517
0 0.28541666666666665 0.30185185185185187 0.004166666666666667 0.018518518518518517
0 0.2890625 0.29768518518518516 0.004166666666666667 0.012037037037037037
0 0.3140625 0.27685185185185185 0.003125 0.012962962962962963
0 0.3111979166666667 0.2777777777777778 0.0036458333333333334 0.012962962962962963
0 0.3046875 0.3111111111111111 0.004166666666666667 0.018518518518518517
0 0.31276041666666665 0.3143518518518518 0.0036458333333333334 0.01574074074074074
0 0.3072916666666667 0.3125 0.003125 0.017592592592592594
0 0.3229166666666667 0.31157407407407406 0.004166666666666667 0.01574074074074074
0 0.31354166666666666 0.29953703703703705 0.005208333333333333 0.01574074074074074
0 0.3255208333333333 0.2865740740740741 0.003125 0.01574074074074074
0 0.33229166666666665 0.31203703703703706 0.004166666666666667 0.014814814814814815
0 0.3294270833333333 0.3125 0.0036458333333333334 0.013888888888888888
0 0.3536458333333333 0.29305555555555557 0.004166666666666667 0.013888888888888888
0 0.36640625 0.29444444444444445 0.0036458333333333334 0.014814814814814815
0 0.36432291666666666 0.27314814814814814 0.0036458333333333334 0.016666666666666666
0 0.38203125 0.2361111111111111 0.0036458333333333334 0.012962962962962963
0 0.3614583333333333 0.28425925925925927 0.003125 0.012962962962962963
0 0.35833333333333334 0.2949074074074074 0.003125 0.013888888888888888
