0 0.7264705882352941 0.6222222222222222 0.008823529411764706 0.03137254901960784
0 0.7147058823529412 0.7627450980392156 0.0058823529411764705 0.032679738562091505
0 0.7577205882352941 0.6444444444444445 0.008088235294117648 0.03398692810457516
0 0.8191176470588235 0.330718954248366 0.007352941176470588 0.02875816993464052
0 0.98125 0.338562091503268 0.006617647058823529 0.018300653594771243
0 0.986764705882353 0.3503267973856209 0.008823529411764706 0.03398692810457516
0 0.5988970588235294 0.4437908496732026 0.009558823529411765 0.032679738562091505
0 0.5283088235294118 0.40326797385620916 0.009558823529411765 0.027450980392156862
0 0.5397058823529411 0.38562091503267976 0.007352941176470588 0.036601307189542485
0 0.6573529411764706 0.31176470588235294 0.004411764705882353 0.027450980392156862
0 0.6768382352941177 0.3183006535947712 0.006617647058823529 0.02483660130718954
0 0.9525735294117647 0.27712418300653596 0.008088235294117648 0.02875816993464052
0 0.1463235294117647 0.9516339869281045 0.014705882352941176 0.04183006535947712
0 0.225 0.32941176470588235 0.011764705882352941 0.026143790849673203
0 0.9625 0.238562091503268 0.007352941176470588 0.02483660130718954
0 0.16544117647058823 0.9235294117647059 0.013235294117647059 0.032679738562091505
0 0.17022058823529412 0.9071895424836601 0.0125 0.04183006535947712
0 0.12316176470588236 0.8209150326797385 0.015441176470588236 0.03137254901960784
0 0.6522058823529412 0.23594771241830065 0.011764705882352941 0.0196078431372549
0 0.6643382352941176 0.20065359477124184 0.009558823529411765 0.01437908496732026
0 0.6786764705882353 0.16993464052287582 0.007352941176470588 0.023529411764705882
0 0.7481617647058824 0.1830065359477124 0.005147058823529412 0.02091503267973856
0 0.7444852941176471 0.18496732026143792 0.006617647058823529 0.0196078431372549
0 0.6889705882352941 0.43137254901960786 0.004411764705882353 0.026143790849673203
0 0.7084558823529412 0.4320261437908497 0.006617647058823529 0.030065359477124184
0 0.694485294117647 0.4294117647058823 0.009558823529411765 0.032679738562091505
0 0.6871323529411765 0.41633986928104577 0.008088235294117648 0.030065359477124184
0 0.7709558823529412 0.42091503267973857 0.0125 0.03137254901960784
0 0.9753676470588235 0.4627450980392157 0.009558823529411765 0.03398692810457516
0 0.7922794117647058 0.2856209150326797 0.006617647058823529 0.027450980392156862
0 0.7827205882352941 0.2973856209150327 0.008088235294117648 0.030065359477124184
0 0.7849264705882353 0.2875816993464052 0.008088235294117648 0.02875816993464052
0 0.6897058823529412 0.3464052287581699 0.0058823529411764705 0.023529411764705882
0 0.6900735294117647 0.3392156862745098 0.006617647058823529 0.01437908496732026
0 0.5930147058823529 0.27647058823529413 0.006617647058823529 0.02483660130718954
0 0.5761029411764705 0.22941176470588234 0.008088235294117648 0.022222222222222223
0 0.6566176470588235 0.1450980392156863 0.0058823529411764705 0.02091503267973856
0 0.6470588235294118 0.1437908496732026 0.007352941176470588 0.018300653594771243
0 0.6709558823529411 0.036601307189542485 0.006617647058823529 0.023529411764705882
0 0.6591911764705882 0.011764705882352941 0.006617647058823529 0.023529411764705882
0 0.7341911764705882 0.07516339869281045 0.006617647058823529 0.02483660130718954
0 0.7264705882352941 0.07058823529411765 0.0058823529411764705 0.023529411764705882
0 0.7419117647058824 0.05163398692810457 0.0058823529411764705 0.0196078431372549
