0 0.17904411764705883 0.907843137254902 0.016911764705882352 0.06928104575163399
0 0.5488970588235295 0.7843137254901961 0.011029411764705883 0.03398692810457516
0 0.5485294117647059 0.7777777777777778 0.013235294117647059 0.054901960784313725
0 0.5713235294117647 0.7352941176470589 0.011764705882352941 0.05620915032679739
0 0.5875 0.7359477124183007 0.013235294117647059 0.054901960784313725
0 0.575 0.4222222222222222 0.0058823529411764705 0.023529411764705882
0 0.2783088235294118 0.44901960784313727 0.009558823529411765 0.030065359477124184
0 0.31470588235294117 0.43333333333333335 0.007352941176470588 0.03529411764705882
0 0.3044117647058823 0.4287581699346405 0.007352941176470588 0.03137254901960784
0 0.29448529411764707 0.42745098039215684 0.008088235294117648 0.03137254901960784
0 0.33897058823529413 0.3941176470588235 0.0058823529411764705 0.027450980392156862
0 0.33455882352941174 0.3843137254901961 0.0058823529411764705 0.02875816993464052
0 0.32830882352941176 0.3836601307189543 0.006617647058823529 0.027450980392156862
0 0.3235294117647059 0.38562091503267976 0.0058823529411764705 0.026143790849673203
0 0.3165441176470588 0.4084967320261438 0.006617647058823529 0.02483660130718954
0 0.32279411764705884 0.41568627450980394 0.0058823529411764705 0.02875816993464052
0 0.4452205882352941 0.3843137254901961 0.006617647058823529 0.026143790849673203
0 0.5345588235294118 0.3764705882352941 0.0058823529411764705 0.018300653594771243
0 0.555514705882353 0.36797385620915035 0.003676470588235294 0.022222222222222223
0 0.54375 0.3627450980392157 0.005147058823529412 0.02483660130718954
0 0.5540441176470589 0.34901960784313724 0.003676470588235294 0.02091503267973856
0 0.4764705882352941 0.29215686274509806 0.004411764705882353 0.01437908496732026
0 0.5191176470588236 0.26209150326797387 0.004411764705882353 0.01699346405228758
0 0.5466911764705882 0.25359477124183005 0.003676470588235294 0.013071895424836602
0 0.4875 0.2503267973856209 0.0029411764705882353 0.011764705882352941
0 0.5334558823529412 0.25163398692810457 0.003676470588235294 0.01699346405228758
0 0.51875 0.21633986928104576 0.003676470588235294 0.009150326797385621
0 0.48933823529411763 0.21372549019607842 0.0022058823529411764 0.006535947712418301
0 0.4933823529411765 0.21241830065359477 0.0029411764705882353 0.009150326797385621
