0 0.3734375 0.4888888888888889 0.005208333333333333 0.014814814814814815
0 0.39479166666666665 0.44907407407407407 0.004166666666666667 0.012962962962962963
0 0.4666666666666667 0.5314814814814814 0.00625 0.014814814814814815
0 0.95625 0.8055555555555556 0.014583333333333334 0.044444444444444446
0 0.9395833333333333 0.7833333333333333 0.016666666666666666 0.03333333333333333
0 0.8770833333333333 0.7453703703703703 0.014583333333333334 0.03148148148148148
0 0.8677083333333333 0.7324074074074074 0.0125 0.024074074074074074
0 0.834375 0.7342592592592593 0.010416666666666666 0.046296296296296294
0 0.8453125 0.7138888888888889 0.011458333333333333 0.03148148148148148
0 0.8505208333333333 0.6814814814814815 0.009375 0.022222222222222223
0 0.81875 0.6842592592592592 0.008333333333333333 0.03888888888888889
0 0.8026041666666667 0.6990740740740741 0.009375 0.04259259259259259
0 0.7567708333333333 0.6935185185185185 0.011458333333333333 0.03888888888888889
0 0.7848958333333333 0.8472222222222222 0.009375 0.05
0 0.7567708333333333 0.8277777777777777 0.011458333333333333 0.05555555555555555
0 0.7458333333333333 0.8240740740740741 0.0125 0.044444444444444446
0 0.7359375 0.8138888888888889 0.011458333333333333 0.053703703703703705
0 0.6885416666666667 0.675 0.008333333333333333 0.024074074074074074
0 0.578125 0.7842592592592592 0.008333333333333333 0.04259259259259259
0 0.571875 0.7777777777777778 0.008333333333333333 0.04814814814814815
0 0.6489583333333333 0.649074074074074 0.00625 0.03148148148148148
0 0.6536458333333334 0.6574074074074074 0.007291666666666667 0.03333333333333333
0 0.8057291666666667 0.6518518518518519 0.007291666666666667 0.018518518518518517
0 0.8239583333333333 0.6537037037037037 0.00625 0.025925925925925925
0 0.8333333333333334 0.6611111111111111 0.00625 0.03333333333333333
0 0.8682291666666667 0.5527777777777778 0.007291666666666667 0.03148148148148148
0 0.8838541666666667 0.562962962962963 0.007291666666666667 0.02962962962962963
0 0.6489583333333333 0.5990740740740741 0.00625 0.027777777777777776
0 0.6807291666666667 0.5916666666666667 0.005208333333333333 0.03148148148148148
0 0.6088541666666667 0.5944444444444444 0.005208333333333333 0.02962962962962963
0 0.6026041666666667 0.6 0.005208333333333333 0.022222222222222223
0 0.5916666666666667 0.587037037037037 0.008333333333333333 0.03333333333333333
0 0.5265625 0.46111111111111114 0.003125 0.011111111111111112
0 0.5447916666666667 0.5277777777777778 0.00625 0.014814814814814815
0 0.5442708333333334 0.5268518518518519 0.005208333333333333 0.012962962962962963
0 0.5177083333333333 0.44351851851851853 0.004166666666666667 0.012962962962962963
