0 0.23602941176470588 0.8183006535947712 0.014705882352941176 0.044444444444444446
0 0.4672794117647059 0.5732026143790849 0.011029411764705883 0.03529411764705882
0 0.6470588235294118 0.569281045751634 0.007352941176470588 0.03790849673202614
0 0.6680147058823529 0.4875816993464052 0.008088235294117648 0.03137254901960784
0 0.6595588235294118 0.5764705882352941 0.010294117647058823 0.047058823529411764
0 0.6606617647058823 0.5803921568627451 0.011029411764705883 0.047058823529411764
0 0.7161764705882353 0.5849673202614379 0.007352941176470588 0.03529411764705882
0 0.7948529411764705 0.5078431372549019 0.0058823529411764705 0.030065359477124184
0 0.7863970588235294 0.5026143790849673 0.006617647058823529 0.030065359477124184
0 0.7713235294117647 0.5111111111111111 0.0058823529411764705 0.03398692810457516
0 0.6496323529411765 0.4222222222222222 0.006617647058823529 0.01045751633986928
0 0.6588235294117647 0.42091503267973857 0.0058823529411764705 0.013071895424836602
0 0.5808823529411765 0.3261437908496732 0.004411764705882353 0.01699346405228758
0 0.6375 0.3509803921568627 0.004411764705882353 0.011764705882352941
0 0.6422794117647059 0.3503267973856209 0.003676470588235294 0.01045751633986928
0 0.6860294117647059 0.3568627450980392 0.004411764705882353 0.01568627450980392
0 0.6963235294117647 0.36013071895424836 0.004411764705882353 0.011764705882352941
0 0.69375 0.3516339869281046 0.005147058823529412 0.01045751633986928
0 0.6371323529411764 0.3261437908496732 0.005147058823529412 0.009150326797385621
0 0.6356617647058823 0.29934640522875816 0.003676470588235294 0.01045751633986928
0 0.5786764705882353 0.2777777777777778 0.0029411764705882353 0.006535947712418301
0 0.6297794117647059 0.27712418300653596 0.003676470588235294 0.00784313725490196
0 0.5606617647058824 0.25555555555555554 0.005147058823529412 0.011764705882352941
0 0.8584558823529411 0.5359477124183006 0.008088235294117648 0.036601307189542485
0 0.8742647058823529 0.545751633986928 0.010294117647058823 0.03529411764705882
0 0.8121323529411765 0.5261437908496732 0.009558823529411765 0.03529411764705882
0 0.9360294117647059 0.5640522875816993 0.008823529411764706 0.03529411764705882
0 0.95 0.5647058823529412 0.007352941176470588 0.026143790849673203
0 0.9772058823529411 0.7509803921568627 0.016176470588235296 0.048366013071895426
