0 0.5683823529411764 0.6457516339869281 0.013235294117647059 0.0392156862745098
0 0.34595588235294117 0.8790849673202614 0.01838235294117647 0.0718954248366013
0 0.3180147058823529 0.6869281045751634 0.009558823529411765 0.05620915032679739
0 0.32426470588235295 0.6830065359477124 0.010294117647058823 0.050980392156862744
0 0.4323529411764706 0.4215686274509804 0.008823529411764706 0.030065359477124184
0 0.5356617647058823 0.4718954248366013 0.009558823529411765 0.03137254901960784
0 0.5176470588235295 0.4666666666666667 0.008823529411764706 0.03137254901960784
0 0.6466911764705883 0.4666666666666667 0.009558823529411765 0.023529411764705882
0 0.5283088235294118 0.34901960784313724 0.005147058823529412 0.02875816993464052
0 0.5323529411764706 0.34967320261437906 0.0058823529411764705 0.027450980392156862
0 0.5400735294117647 0.3359477124183007 0.006617647058823529 0.02875816993464052
0 0.4764705882352941 0.34705882352941175 0.0058823529411764705 0.01699346405228758
0 0.5246323529411765 0.31176470588235294 0.006617647058823529 0.022222222222222223
0 0.5308823529411765 0.31699346405228757 0.004411764705882353 0.02483660130718954
0 0.5360294117647059 0.3215686274509804 0.0058823529411764705 0.026143790849673203
0 0.5735294117647058 0.31699346405228757 0.0058823529411764705 0.027450980392156862
0 0.5753676470588235 0.31633986928104574 0.005147058823529412 0.023529411764705882
0 0.580514705882353 0.3150326797385621 0.005147058823529412 0.02875816993464052
0 0.4974264705882353 0.2869281045751634 0.005147058823529412 0.027450980392156862
0 0.5213235294117647 0.26862745098039215 0.004411764705882353 0.01699346405228758
0 0.5286764705882353 0.2699346405228758 0.0058823529411764705 0.0196078431372549
0 0.22316176470588237 0.43529411764705883 0.006617647058823529 0.023529411764705882
0 0.23308823529411765 0.43856209150326797 0.007352941176470588 0.030065359477124184
0 0.2827205882352941 0.3862745098039216 0.003676470588235294 0.0196078431372549
0 0.28713235294117645 0.3843137254901961 0.008088235294117648 0.02875816993464052
0 0.23419117647058824 0.36013071895424836 0.006617647058823529 0.027450980392156862
0 0.3139705882352941 0.34967320261437906 0.007352941176470588 0.030065359477124184
0 0.3073529411764706 0.3464052287581699 0.0058823529411764705 0.026143790849673203
0 0.2889705882352941 0.3457516339869281 0.008823529411764706 0.027450980392156862
0 0.28088235294117647 0.3405228758169935 0.007352941176470588 0.02483660130718954
0 0.2727941176470588 0.3359477124183007 0.0058823529411764705 0.023529411764705882
0 0.25625 0.3457516339869281 0.006617647058823529 0.030065359477124184
0 0.2551470588235294 0.33137254901960783 0.008823529411764706 0.02483660130718954
0 0.2841911764705882 0.3326797385620915 0.006617647058823529 0.027450980392156862
0 0.2922794117647059 0.33790849673202616 0.008088235294117648 0.027450980392156862
0 0.29705882352941176 0.3431372549019608 0.007352941176470588 0.027450980392156862
0 0.31213235294117647 0.3366013071895425 0.008088235294117648 0.02483660130718954
0 0.45294117647058824 0.2111111111111111 0.004411764705882353 0.01699346405228758
0 0.44632352941176473 0.2084967320261438 0.004411764705882353 0.01437908496732026
0 0.42867647058823527 0.3261437908496732 0.0058823529411764705 0.022222222222222223
0 0.42683823529411763 0.31699346405228757 0.006617647058823529 0.0196078431372549
