0 0.011397058823529411 0.75359477124183 0.021323529411764706 0.0718954248366013
0 0.0974264705882353 0.6830065359477124 0.016911764705882352 0.06928104575163399
0 0.16323529411764706 0.6470588235294118 0.011764705882352941 0.05751633986928104
0 0.1738970588235294 0.6385620915032679 0.0125 0.06143790849673202
0 0.18860294117647058 0.6398692810457516 0.006617647058823529 0.06405228758169934
0 0.18786764705882353 0.6326797385620915 0.009558823529411765 0.054901960784313725
0 0.18860294117647058 0.6359477124183006 0.008088235294117648 0.05620915032679739
0 0.14595588235294119 0.5738562091503268 0.009558823529411765 0.047058823529411764
0 0.1400735294117647 0.5640522875816993 0.0125 0.0457516339869281
0 0.21985294117647058 0.4673202614379085 0.010294117647058823 0.043137254901960784
0 0.3025735294117647 0.5052287581699346 0.009558823529411765 0.043137254901960784
0 0.19595588235294117 0.4745098039215686 0.008088235294117648 0.04183006535947712
0 0.20220588235294118 0.4745098039215686 0.008823529411764706 0.047058823529411764
0 0.27242647058823527 0.4084967320261438 0.0125 0.0457516339869281
0 0.28125 0.3588235294117647 0.009558823529411765 0.043137254901960784
0 0.2922794117647059 0.3588235294117647 0.013970588235294118 0.043137254901960784
0 0.2863970588235294 0.33725490196078434 0.008088235294117648 0.0392156862745098
0 0.2948529411764706 0.33464052287581697 0.007352941176470588 0.04183006535947712
0 0.21764705882352942 0.3196078431372549 0.011764705882352941 0.03790849673202614
0 0.1713235294117647 0.33137254901960783 0.010294117647058823 0.040522875816993466
0 0.26838235294117646 0.296078431372549 0.007352941176470588 0.03529411764705882
0 0.3297794117647059 0.32287581699346407 0.009558823529411765 0.04183006535947712
0 0.33455882352941174 0.32222222222222224 0.008823529411764706 0.040522875816993466
0 0.38125 0.32222222222222224 0.008088235294117648 0.03790849673202614
0 0.3834558823529412 0.3104575163398693 0.006617647058823529 0.03529411764705882
0 0.4297794117647059 0.32222222222222224 0.006617647058823529 0.03529411764705882
0 0.4319852941176471 0.3196078431372549 0.005147058823529412 0.03790849673202614
0 0.44191176470588234 0.3241830065359477 0.007352941176470588 0.0392156862745098
0 0.513235294117647 0.3209150326797386 0.0058823529411764705 0.03790849673202614
0 0.5231617647058824 0.3202614379084967 0.008088235294117648 0.0392156862745098
0 0.5830882352941177 0.3202614379084967 0.007352941176470588 0.03137254901960784
0 0.5856617647058824 0.3202614379084967 0.005147058823529412 0.03398692810457516
0 0.5970588235294118 0.32745098039215687 0.0058823529411764705 0.027450980392156862
0 0.6224264705882353 0.330718954248366 0.006617647058823529 0.03137254901960784
0 0.6235294117647059 0.3241830065359477 0.004411764705882353 0.018300653594771243
0 0.7051470588235295 0.3261437908496732 0.008823529411764706 0.03790849673202614
0 0.7525735294117647 0.33725490196078434 0.009558823529411765 0.044444444444444446
0 0.7639705882352941 0.3254901960784314 0.010294117647058823 0.036601307189542485
0 0.8290441176470589 0.526797385620915 0.016911764705882352 0.05751633986928104
0 0.8147058823529412 0.4843137254901961 0.014705882352941176 0.050980392156862744
0 0.8025735294117647 0.3790849673202614 0.008088235294117648 0.044444444444444446
0 0.8220588235294117 0.3888888888888889 0.008823529411764706 0.040522875816993466
0 0.8323529411764706 0.39477124183006534 0.010294117647058823 0.044444444444444446
0 0.8441176470588235 0.4666666666666667 0.008823529411764706 0.04183006535947712
0 0.8529411764705882 0.45751633986928103 0.010294117647058823 0.04967320261437908
0 0.8632352941176471 0.47320261437908495 0.008823529411764706 0.044444444444444446
0 0.8650735294117647 0.41830065359477125 0.008088235294117648 0.036601307189542485
0 0.8158088235294118 0.5869281045751634 0.0125 0.05751633986928104
0 0.6400735294117647 0.41633986928104577 0.006617647058823529 0.030065359477124184
0 0.6746323529411765 0.4065359477124183 0.011029411764705883 0.02875816993464052
0 0.6808823529411765 0.426797385620915 0.008823529411764706 0.03529411764705882
0 0.6816176470588236 0.4823529411764706 0.010294117647058823 0.02875816993464052
0 0.7106617647058824 0.46601307189542485 0.008088235294117648 0.03790849673202614
0 0.6966911764705882 0.4503267973856209 0.005147058823529412 0.03529411764705882
0 0.7371323529411765 0.492156862745098 0.009558823529411765 0.043137254901960784
0 0.7397058823529412 0.4797385620915033 0.0058823529411764705 0.036601307189542485
0 0.7294117647058823 0.4594771241830065 0.010294117647058823 0.022222222222222223
0 0.6900735294117647 0.4176470588235294 0.005147058823529412 0.03529411764705882
0 0.6827205882352941 0.4111111111111111 0.006617647058823529 0.030065359477124184
0 0.6863970588235294 0.4019607843137255 0.006617647058823529 0.02483660130718954
0 0.33125 0.2928104575163399 0.003676470588235294 0.02091503267973856
0 0.3386029411764706 0.4549019607843137 0.006617647058823529 0.02875816993464052
0 0.29558823529411765 0.44836601307189544 0.010294117647058823 0.023529411764705882
0 0.3400735294117647 0.3764705882352941 0.008088235294117648 0.023529411764705882
0 0.6238970588235294 0.3111111111111111 0.005147058823529412 0.01568627450980392
