0 0.46875 0.015032679738562092 0.003676470588235294 0.022222222222222223
0 0.4452205882352941 0.10392156862745099 0.005147058823529412 0.027450980392156862
0 0.4536764705882353 0.19673202614379084 0.0058823529411764705 0.0196078431372549
0 0.4088235294117647 0.5235294117647059 0.011764705882352941 0.02483660130718954
0 0.6080882352941176 0.9660130718954248 0.014705882352941176 0.0392156862745098
0 0.5334558823529412 0.21895424836601307 0.006617647058823529 0.022222222222222223
0 0.5580882352941177 0.20065359477124184 0.007352941176470588 0.027450980392156862
0 0.555514705882353 0.03137254901960784 0.003676470588235294 0.02091503267973856
0 0.6161764705882353 0.043137254901960784 0.004411764705882353 0.023529411764705882
0 0.6238970588235294 0.06209150326797386 0.005147058823529412 0.01699346405228758
0 0.6573529411764706 0.14836601307189543 0.0058823529411764705 0.02483660130718954
0 0.6827205882352941 0.26405228758169935 0.008088235294117648 0.03137254901960784
0 0.6963235294117647 0.3026143790849673 0.008823529411764706 0.030065359477124184
0 0.6922794117647059 0.2934640522875817 0.008088235294117648 0.030065359477124184
0 0.6176470588235294 0.5411764705882353 0.010294117647058823 0.03398692810457516
0 0.8463235294117647 0.530718954248366 0.008823529411764706 0.023529411764705882
0 0.8283088235294118 0.5666666666666667 0.005147058823529412 0.02483660130718954
0 0.7981617647058824 0.5915032679738562 0.011029411764705883 0.0457516339869281
