0 0.4139705882352941 0.25620915032679736 0.010294117647058823 0.0392156862745098
0 0.44779411764705884 0.25163398692810457 0.007352941176470588 0.040522875816993466
0 0.45294117647058824 0.2522875816993464 0.008823529411764706 0.0392156862745098
0 0.4547794117647059 0.24640522875816995 0.009558823529411765 0.03790849673202614
0 0.45698529411764705 0.2437908496732026 0.009558823529411765 0.03529411764705882
0 0.44632352941176473 0.16339869281045752 0.004411764705882353 0.03398692810457516
0 0.4441176470588235 0.169281045751634 0.0058823529411764705 0.027450980392156862
0 0.4099264705882353 0.15359477124183007 0.008088235294117648 0.022222222222222223
0 0.42316176470588235 0.2169934640522876 0.008088235294117648 0.026143790849673203
0 0.4102941176470588 0.2261437908496732 0.008823529411764706 0.023529411764705882
0 0.3136029411764706 0.13986928104575164 0.009558823529411765 0.02091503267973856
0 0.29705882352941176 0.07581699346405228 0.007352941176470588 0.02875816993464052
0 0.575735294117647 0.28104575163398693 0.008823529411764706 0.044444444444444446
0 0.5647058823529412 0.269281045751634 0.007352941176470588 0.036601307189542485
0 0.5566176470588236 0.2529411764705882 0.007352941176470588 0.03790849673202614
0 0.5625 0.24248366013071895 0.008823529411764706 0.040522875816993466
0 0.575 0.25620915032679736 0.008823529411764706 0.0392156862745098
0 0.6003676470588235 0.28169934640522876 0.009558823529411765 0.040522875816993466
0 0.6683823529411764 0.2803921568627451 0.008823529411764706 0.03529411764705882
0 0.6801470588235294 0.3888888888888889 0.007352941176470588 0.032679738562091505
0 0.7547794117647059 0.48169934640522877 0.0125 0.048366013071895426
0 0.7522058823529412 0.49411764705882355 0.0058823529411764705 0.026143790849673203
0 0.6 0.5712418300653594 0.011764705882352941 0.044444444444444446
0 0.611764705882353 0.6326797385620915 0.016176470588235296 0.04967320261437908
0 0.7279411764705882 0.6326797385620915 0.014705882352941176 0.04183006535947712
0 0.7470588235294118 0.6627450980392157 0.014705882352941176 0.04183006535947712
0 0.7834558823529412 0.5588235294117647 0.011029411764705883 0.03529411764705882
0 0.7838235294117647 0.5104575163398692 0.01911764705882353 0.043137254901960784
0 0.8294117647058824 0.4437908496732026 0.01911764705882353 0.03790849673202614
0 0.8261029411764705 0.4294117647058823 0.015441176470588236 0.030065359477124184
0 0.8731617647058824 0.5261437908496732 0.022794117647058822 0.040522875816993466
0 0.9397058823529412 0.6490196078431373 0.023529411764705882 0.040522875816993466
0 0.8625 0.5058823529411764 0.025 0.044444444444444446
0 0.8705882352941177 0.5202614379084968 0.01911764705882353 0.04183006535947712
0 0.9558823529411765 0.27124183006535946 0.010294117647058823 0.03790849673202614
0 0.981985294117647 0.2718954248366013 0.009558823529411765 0.04183006535947712
0 0.8371323529411765 0.0915032679738562 0.008088235294117648 0.03137254901960784
0 0.7716911764705883 0.09477124183006536 0.006617647058823529 0.030065359477124184
0 0.775 0.06470588235294118 0.0058823529411764705 0.02483660130718954
0 0.705514705882353 0.06601307189542484 0.005147058823529412 0.02483660130718954
0 0.8099264705882353 0.1 0.006617647058823529 0.032679738562091505
0 0.8036764705882353 0.06797385620915032 0.007352941176470588 0.026143790849673203
0 0.8220588235294117 0.07450980392156863 0.004411764705882353 0.02875816993464052
0 0.8176470588235294 0.06993464052287582 0.004411764705882353 0.02483660130718954
0 0.8036764705882353 0.06405228758169934 0.004411764705882353 0.02875816993464052
0 0.8102941176470588 0.06470588235294118 0.0058823529411764705 0.027450980392156862
0 0.7893382352941176 0.3058823529411765 0.0125 0.054901960784313725
0 0.7724264705882353 0.27647058823529413 0.011029411764705883 0.048366013071895426
0 0.7617647058823529 0.2777777777777778 0.007352941176470588 0.030065359477124184
0 0.8106617647058824 0.2196078431372549 0.011029411764705883 0.0392156862745098
0 0.71875 0.38562091503267976 0.0125 0.026143790849673203
0 0.6768382352941177 0.3758169934640523 0.011029411764705883 0.040522875816993466
0 0.7691176470588236 0.5143790849673202 0.014705882352941176 0.06405228758169934
0 0.7566176470588235 0.6294117647058823 0.014705882352941176 0.06405228758169934
0 0.7724264705882353 0.5450980392156862 0.009558823529411765 0.036601307189542485
0 0.700735294117647 0.3 0.013235294117647059 0.027450980392156862
0 0.7150735294117647 0.2934640522875817 0.0125 0.02483660130718954
0 0.6882352941176471 0.2908496732026144 0.010294117647058823 0.022222222222222223
0 0.5786764705882353 0.5032679738562091 0.013235294117647059 0.047058823529411764
0 0.9419117647058823 0.8352941176470589 0.020588235294117647 0.04967320261437908
0 0.7323529411764705 0.6045751633986928 0.011764705882352941 0.048366013071895426
0 0.71875 0.5882352941176471 0.009558823529411765 0.036601307189542485
0 0.5029411764705882 0.03790849673202614 0.004411764705882353 0.018300653594771243
0 0.5139705882352941 0.028104575163398694 0.004411764705882353 0.027450980392156862
0 0.5852941176470589 0.19411764705882353 0.007352941176470588 0.03790849673202614
0 0.5830882352941177 0.18627450980392157 0.007352941176470588 0.03529411764705882
