0 0.9630208333333333 0.7611111111111111 0.019791666666666666 0.06296296296296296
0 0.8510416666666667 0.725 0.014583333333333334 0.03888888888888889
0 0.775 0.7407407407407407 0.01875 0.044444444444444446
0 0.7401041666666667 0.8527777777777777 0.015625 0.053703703703703705
0 0.690625 0.8962962962962963 0.020833333333333332 0.05925925925925926
0 0.5880208333333333 0.8324074074074074 0.015625 0.06481481481481481
0 0.3572916666666667 0.5037037037037037 0.0125 0.02962962962962963
0 0.18489583333333334 0.6018518518518519 0.015625 0.040740740740740744
0 0.17447916666666666 0.5305555555555556 0.011458333333333333 0.03148148148148148
0 0.2911458333333333 0.4777777777777778 0.009375 0.025925925925925925
0 0.6458333333333334 0.512962962962963 0.008333333333333333 0.02962962962962963
0 0.653125 0.5111111111111111 0.010416666666666666 0.02962962962962963
0 0.8390625 0.5398148148148149 0.009375 0.03148148148148148
0 0.7395833333333334 0.5222222222222223 0.010416666666666666 0.02962962962962963
0 0.9208333333333333 0.75 0.014583333333333334 0.040740740740740744
0 0.9296875 0.7592592592592593 0.017708333333333333 0.040740740740740744
0 0.8989583333333333 0.4648148148148148 0.010416666666666666 0.02962962962962963
0 0.8817708333333333 0.4583333333333333 0.009375 0.020370370370370372
0 0.50625 0.5055555555555555 0.008333333333333333 0.037037037037037035
0 0.5588541666666667 0.9 0.015625 0.07407407407407407
0 0.2520833333333333 0.4361111111111111 0.008333333333333333 0.024074074074074074
0 0.2682291666666667 0.42962962962962964 0.009375 0.022222222222222223
0 0.24947916666666667 0.40185185185185185 0.007291666666666667 0.018518518518518517
0 0.22708333333333333 0.4212962962962963 0.008333333333333333 0.020370370370370372
0 0.33645833333333336 0.42962962962962964 0.008333333333333333 0.022222222222222223
0 0.35572916666666665 0.43425925925925923 0.007291666666666667 0.020370370370370372
0 0.39375 0.42314814814814816 0.00625 0.03148148148148148
0 0.38177083333333334 0.4148148148148148 0.007291666666666667 0.02962962962962963
0 0.21302083333333333 0.41759259259259257 0.007291666666666667 0.024074074074074074
0 0.23385416666666667 0.44814814814814813 0.007291666666666667 0.022222222222222223
