0 0.5808823529411765 0.0915032679738562 0.004411764705882353 0.013071895424836602
0 0.58125 0.13660130718954247 0.003676470588235294 0.01437908496732026
0 0.5709558823529411 0.23398692810457516 0.005147058823529412 0.01568627450980392
0 0.5783088235294118 0.2372549019607843 0.005147058823529412 0.022222222222222223
0 0.5841911764705883 0.23986928104575164 0.005147058823529412 0.0196078431372549
0 0.5838235294117647 0.25359477124183005 0.004411764705882353 0.023529411764705882
0 0.6044117647058823 0.23986928104575164 0.0029411764705882353 0.0196078431372549
0 0.600735294117647 0.23529411764705882 0.0029411764705882353 0.023529411764705882
0 0.6073529411764705 0.2601307189542484 0.0058823529411764705 0.026143790849673203
0 0.64375 0.7189542483660131 0.011029411764705883 0.04967320261437908
0 0.6797794117647059 0.8366013071895425 0.011029411764705883 0.04967320261437908
0 0.6889705882352941 0.857516339869281 0.011764705882352941 0.06274509803921569
