0 0.03823529411764706 0.5901960784313726 0.013235294117647059 0.05620915032679739
0 0.09338235294117647 0.5464052287581699 0.008823529411764706 0.036601307189542485
0 0.7955882352941176 0.8163398692810457 0.013235294117647059 0.0718954248366013
0 0.8102941176470588 0.8444444444444444 0.016176470588235296 0.07320261437908497
0 0.819485294117647 0.826797385620915 0.015441176470588236 0.06928104575163399
0 0.6518382352941177 0.7444444444444445 0.021323529411764706 0.06666666666666667
0 0.22536764705882353 0.7189542483660131 0.015441176470588236 0.06013071895424837
0 0.40808823529411764 0.7372549019607844 0.014705882352941176 0.05751633986928104
0 0.40955882352941175 0.711764705882353 0.008823529411764706 0.040522875816993466
0 0.5213235294117647 0.8411764705882353 0.01911764705882353 0.0718954248366013
0 0.5393382352941176 0.8392156862745098 0.01838235294117647 0.07320261437908497
0 0.5650735294117647 0.8320261437908497 0.016911764705882352 0.0718954248366013
0 0.6036764705882353 0.8137254901960784 0.01911764705882353 0.06928104575163399
0 0.9786764705882353 0.9830065359477124 0.022058823529411766 0.03137254901960784
