0 0.33229166666666665 0.3768518518518518 0.009375 0.027777777777777776
0 0.32369791666666664 0.9523148148148148 0.0109375 0.026851851851851852
0 0.6484375 0.11990740740740741 0.008333333333333333 0.01574074074074074
0 0.6661458333333333 0.13796296296296295 0.008333333333333333 0.018518518518518517
0 0.6 0.10648148148148148 0.008333333333333333 0.016666666666666666
0 0.61328125 0.09166666666666666 0.008854166666666666 0.014814814814814815
0 0.5395833333333333 0.21388888888888888 0.00625 0.020370370370370372
0 0.5497395833333333 0.21574074074074073 0.0067708333333333336 0.020370370370370372
0 0.5609375 0.21805555555555556 0.00625 0.021296296296296296
0 0.5700520833333333 0.21481481481481482 0.0067708333333333336 0.020370370370370372
0 0.5796875 0.22037037037037038 0.007291666666666667 0.018518518518518517
0 0.5940104166666667 0.23842592592592593 0.0067708333333333336 0.019444444444444445
0 0.6028645833333334 0.2865740740740741 0.005729166666666666 0.017592592592592594
0 0.51484375 0.22546296296296298 0.0067708333333333336 0.01574074074074074
0 0.4549479166666667 0.3449074074074074 0.005729166666666666 0.030555555555555555
0 0.45625 0.35833333333333334 0.004166666666666667 0.016666666666666666
0 0.5578125 0.35462962962962963 0.008333333333333333 0.022222222222222223
0 0.53671875 0.3402777777777778 0.0067708333333333336 0.019444444444444445
0 0.53515625 0.35 0.008854166666666666 0.020370370370370372
0 0.5739583333333333 0.34814814814814815 0.007291666666666667 0.020370370370370372
0 0.57734375 0.3824074074074074 0.0109375 0.022222222222222223
0 0.49557291666666664 0.7981481481481482 0.011979166666666667 0.037037037037037035
0 0.5572916666666666 0.11157407407407408 0.007291666666666667 0.025
0 0.5700520833333333 0.08518518518518518 0.0078125 0.025925925925925925
0 0.47630208333333335 0.10833333333333334 0.005729166666666666 0.024074074074074074
0 0.4796875 0.12962962962962962 0.005208333333333333 0.018518518518518517
0 0.4661458333333333 0.1375 0.00625 0.01574074074074074
0 0.5098958333333333 0.07407407407407407 0.005208333333333333 0.022222222222222223
0 0.590625 0.0787037037037037 0.005208333333333333 0.016666666666666666
