0 0.32316176470588237 0.6856209150326797 0.011029411764705883 0.040522875816993466
0 0.3154411764705882 0.673202614379085 0.010294117647058823 0.04183006535947712
0 0.3040441176470588 0.6823529411764706 0.009558823529411765 0.04183006535947712
0 0.3040441176470588 0.6013071895424836 0.006617647058823529 0.036601307189542485
0 0.26875 0.5797385620915033 0.006617647058823529 0.03529411764705882
0 0.2775735294117647 0.581045751633987 0.008088235294117648 0.03529411764705882
0 0.14080882352941176 0.5248366013071896 0.006617647058823529 0.03529411764705882
0 0.14852941176470588 0.5313725490196078 0.007352941176470588 0.032679738562091505
0 0.3176470588235294 0.48823529411764705 0.007352941176470588 0.032679738562091505
0 0.3058823529411765 0.4496732026143791 0.0058823529411764705 0.02875816993464052
0 0.29375 0.4222222222222222 0.005147058823529412 0.023529411764705882
0 0.2977941176470588 0.4241830065359477 0.004411764705882353 0.02483660130718954
0 0.29816176470588235 0.4196078431372549 0.005147058823529412 0.023529411764705882
0 0.3588235294117647 0.5339869281045752 0.0058823529411764705 0.032679738562091505
0 0.4011029411764706 0.48823529411764705 0.006617647058823529 0.027450980392156862
0 0.34448529411764706 0.4130718954248366 0.005147058823529412 0.023529411764705882
0 0.35073529411764703 0.4071895424836601 0.0058823529411764705 0.02483660130718954
0 0.3926470588235294 0.4444444444444444 0.004411764705882353 0.026143790849673203
0 0.39558823529411763 0.4411764705882353 0.0058823529411764705 0.027450980392156862
0 0.5919117647058824 0.3150326797385621 0.004411764705882353 0.018300653594771243
