0 0.6424479166666667 0.7481481481481481 0.016145833333333335 0.08703703703703704
0 0.65 0.7430555555555556 0.0125 0.041666666666666664
0 0.00625 0.5518518518518518 0.011458333333333333 0.05185185185185185
0 0.5546875 0.1935185185185185 0.008333333333333333 0.03518518518518519
0 0.55 0.13703703703703704 0.008333333333333333 0.025925925925925925
0 0.9893229166666667 0.1736111111111111 0.008854166666666666 0.028703703703703703
0 0.9869791666666666 0.17037037037037037 0.005208333333333333 0.025925925925925925
0 0.51796875 0.03796296296296296 0.0046875 0.016666666666666666
0 0.3182291666666667 0.046296296296296294 0.004166666666666667 0.020370370370370372
0 0.34296875 0.037037037037037035 0.0078125 0.012962962962962963
0 0.31953125 0.06388888888888888 0.005729166666666666 0.016666666666666666
0 0.265625 0.07407407407407407 0.005208333333333333 0.022222222222222223
0 0.2598958333333333 0.07777777777777778 0.00625 0.024074074074074074
0 0.23984375 0.08055555555555556 0.0046875 0.024074074074074074
0 0.23880208333333333 0.08101851851851852 0.008854166666666666 0.025
