0 0.3720588235294118 0.4320261437908497 0.007352941176470588 0.011764705882352941
0 0.36433823529411763 0.4320261437908497 0.006617647058823529 0.01437908496732026
0 0.3599264705882353 0.4339869281045752 0.006617647058823529 0.013071895424836602
0 0.4261029411764706 0.44575163398692813 0.006617647058823529 0.013071895424836602
0 0.4253676470588235 0.43071895424836604 0.006617647058823529 0.01437908496732026
0 0.5772058823529411 0.822875816993464 0.007352941176470588 0.009150326797385621
0 0.5713235294117647 0.8215686274509804 0.0058823529411764705 0.011764705882352941
0 0.5661764705882353 0.8235294117647058 0.0058823529411764705 0.01045751633986928
0 0.7996323529411765 0.1 0.008088235294117648 0.01699346405228758
0 0.8632352941176471 0.06143790849673202 0.010294117647058823 0.018300653594771243
