0 0.09301470588235294 0.10196078431372549 0.013970588235294118 0.018300653594771243
0 0.08897058823529412 0.08627450980392157 0.013235294117647059 0.026143790849673203
0 0.22095588235294117 0.09411764705882353 0.013970588235294118 0.023529411764705882
0 0.24779411764705883 0.20130718954248367 0.014705882352941176 0.02875816993464052
0 0.036397058823529414 0.6509803921568628 0.022794117647058822 0.026143790849673203
0 0.07573529411764705 0.6777777777777778 0.022058823529411766 0.027450980392156862
0 0.03676470588235294 0.7673202614379085 0.020588235294117647 0.023529411764705882
0 0.04301470588235294 0.7594771241830065 0.013970588235294118 0.023529411764705882
0 0.031985294117647056 0.8339869281045752 0.022794117647058822 0.026143790849673203
0 0.31433823529411764 0.9830065359477124 0.021323529411764706 0.02875816993464052
0 0.6900735294117647 0.5666666666666667 0.013970588235294118 0.01699346405228758
0 0.7316176470588235 0.5986928104575163 0.016176470588235296 0.02091503267973856
0 0.7606617647058823 0.615686274509804 0.01838235294117647 0.02091503267973856
