0 0.15755208333333334 0.8759259259259259 0.008854166666666666 0.037037037037037035
0 0.19765625 0.8203703703703704 0.0109375 0.037037037037037035
0 0.23177083333333334 0.7865740740740741 0.008333333333333333 0.03611111111111111
0 0.24010416666666667 0.7245370370370371 0.007291666666666667 0.026851851851851852
0 0.19713541666666667 0.8023148148148148 0.0078125 0.032407407407407406
0 0.16510416666666666 0.8574074074074074 0.008333333333333333 0.03518518518518519
0 0.1140625 0.9189814814814815 0.014583333333333334 0.03796296296296296
0 0.08932291666666667 0.9634259259259259 0.0140625 0.03981481481481482
0 0.08854166666666667 0.7476851851851852 0.008333333333333333 0.032407407407407406
0 0.08463541666666667 0.7773148148148148 0.0067708333333333336 0.026851851851851852
0 0.63125 0.862037037037037 0.010416666666666666 0.04259259259259259
0 0.6583333333333333 0.8666666666666667 0.010416666666666666 0.037037037037037035
0 0.7479166666666667 0.9805555555555555 0.010416666666666666 0.037037037037037035
0 0.7296875 0.9861111111111112 0.010416666666666666 0.025925925925925925
0 0.7825520833333334 0.9171296296296296 0.008854166666666666 0.04537037037037037
0 0.7984375 0.9629629629629629 0.008333333333333333 0.044444444444444446
0 0.7916666666666666 0.9166666666666666 0.008333333333333333 0.044444444444444446
0 0.69609375 0.8842592592592593 0.0078125 0.037037037037037035
0 0.6776041666666667 0.8796296296296297 0.00625 0.03518518518518519
0 0.41848958333333336 0.5847222222222223 0.005729166666666666 0.026851851851851852
0 0.6427083333333333 0.7787037037037037 0.007291666666666667 0.03333333333333333
0 0.6791666666666667 0.7625 0.007291666666666667 0.041666666666666664
0 0.6635416666666667 0.7898148148148149 0.005208333333333333 0.025925925925925925
0 0.746875 0.875462962962963 0.005208333333333333 0.025
0 0.7216145833333333 0.8444444444444444 0.0078125 0.03888888888888889
0 0.7372395833333333 0.8675925925925926 0.005729166666666666 0.03888888888888889
0 0.7411458333333333 0.8356481481481481 0.00625 0.03981481481481482
0 0.7359375 0.8513888888888889 0.009375 0.030555555555555555
0 0.7403645833333333 0.7731481481481481 0.0078125 0.037037037037037035
0 0.6463541666666667 0.7393518518518518 0.007291666666666667 0.028703703703703703
0 0.63828125 0.6518518518518519 0.0067708333333333336 0.027777777777777776
0 0.7020833333333333 0.649537037037037 0.005208333333333333 0.028703703703703703
0 0.6088541666666667 0.6694444444444444 0.005208333333333333 0.03148148148148148
0 0.6015625 0.6685185185185185 0.007291666666666667 0.03333333333333333
0 0.6015625 0.6287037037037037 0.00625 0.03148148148148148
0 0.11927083333333334 0.7240740740740741 0.009375 0.02962962962962963
0 0.1375 0.6277777777777778 0.007291666666666667 0.03333333333333333
0 0.14947916666666666 0.6203703703703703 0.007291666666666667 0.03148148148148148
0 0.16848958333333333 0.5921296296296297 0.0078125 0.032407407407407406
0 0.178125 0.5990740740740741 0.008333333333333333 0.03333333333333333
0 0.18229166666666666 0.5884259259259259 0.007291666666666667 0.030555555555555555
0 0.19192708333333333 0.587037037037037 0.008854166666666666 0.03518518518518519
0 0.2911458333333333 0.575 0.007291666666666667 0.02962962962962963
0 0.23932291666666666 0.575925925925926 0.008854166666666666 0.027777777777777776
0 0.35052083333333334 0.5708333333333333 0.007291666666666667 0.030555555555555555
0 0.36276041666666664 0.5740740740740741 0.0067708333333333336 0.027777777777777776
0 0.36640625 0.575462962962963 0.0046875 0.028703703703703703
0 0.3963541666666667 0.5689814814814815 0.009375 0.03425925925925926
0 0.3033854166666667 0.562962962962963 0.008854166666666666 0.027777777777777776
0 0.2747395833333333 0.5611111111111111 0.0067708333333333336 0.03148148148148148
0 0.23697916666666666 0.5685185185185185 0.007291666666666667 0.027777777777777776
0 0.4817708333333333 0.5851851851851851 0.008333333333333333 0.022222222222222223
0 0.49192708333333335 0.5847222222222223 0.005729166666666666 0.025
0 0.484375 0.5787037037037037 0.00625 0.024074074074074074
0 0.5265625 0.5814814814814815 0.005208333333333333 0.027777777777777776
0 0.53046875 0.5763888888888888 0.005729166666666666 0.028703703703703703
0 0.5388020833333333 0.5694444444444444 0.0078125 0.02962962962962963
0 0.5106770833333333 0.5726851851851852 0.0046875 0.032407407407407406
0 0.5098958333333333 0.5699074074074074 0.007291666666666667 0.028703703703703703
0 0.20651041666666667 0.7435185185185185 0.005729166666666666 0.037037037037037035
0 0.20755208333333333 0.7407407407407407 0.005729166666666666 0.03333333333333333
0 0.21223958333333334 0.7300925925925926 0.0067708333333333336 0.028703703703703703
0 0.21770833333333334 0.7189814814814814 0.007291666666666667 0.032407407407407406
0 0.2234375 0.7041666666666667 0.00625 0.03425925925925926
0 0.27395833333333336 0.6736111111111112 0.005208333333333333 0.025
0 0.2609375 0.6726851851851852 0.00625 0.028703703703703703
0 0.2838541666666667 0.6356481481481482 0.005208333333333333 0.023148148148148147
0 0.24557291666666667 0.6226851851851852 0.005729166666666666 0.023148148148148147
0 0.6638020833333333 0.6407407407407407 0.0046875 0.027777777777777776
0 0.6684895833333333 0.638425925925926 0.0046875 0.028703703703703703
0 0.6708333333333333 0.6347222222222222 0.005208333333333333 0.028703703703703703
0 0.7127604166666667 0.6365740740740741 0.005729166666666666 0.026851851851851852
0 0.39895833333333336 0.5671296296296297 0.00625 0.025
0 0.5536458333333333 0.48055555555555557 0.004166666666666667 0.018518518518518517
0 0.6200520833333333 0.5662037037037037 0.005729166666666666 0.026851851851851852
0 0.6255208333333333 0.5652777777777778 0.005208333333333333 0.025
0 0.6390625 0.5282407407407408 0.004166666666666667 0.021296296296296296
0 0.6354166666666666 0.5300925925925926 0.005208333333333333 0.021296296296296296
0 0.6450520833333333 0.525 0.005729166666666666 0.024074074074074074
0 0.6260416666666667 0.5365740740740741 0.00625 0.017592592592592594
0 0.6341145833333334 0.5175925925925926 0.005729166666666666 0.016666666666666666
0 0.5666666666666667 0.5296296296296297 0.004166666666666667 0.024074074074074074
0 0.56171875 0.5310185185185186 0.0036458333333333334 0.021296296296296296
0 0.5971354166666667 0.5527777777777778 0.005729166666666666 0.025925925925925925
0 0.58203125 0.5425925925925926 0.005729166666666666 0.024074074074074074
0 0.578125 0.5351851851851852 0.004166666666666667 0.024074074074074074
0 0.60234375 0.5412037037037037 0.005729166666666666 0.017592592592592594
0 0.5947916666666667 0.5111111111111111 0.005208333333333333 0.022222222222222223
0 0.5895833333333333 0.5111111111111111 0.005208333333333333 0.024074074074074074
0 0.571875 0.5023148148148148 0.004166666666666667 0.01574074074074074
0 0.5734375 0.48935185185185187 0.004166666666666667 0.021296296296296296
0 0.6361979166666667 0.4930555555555556 0.0046875 0.021296296296296296
0 0.6203125 0.48333333333333334 0.005208333333333333 0.022222222222222223
0 0.6213541666666667 0.46296296296296297 0.004166666666666667 0.020370370370370372
0 0.6182291666666667 0.449537037037037 0.004166666666666667 0.019444444444444445
0 0.6216145833333333 0.4444444444444444 0.0046875 0.018518518518518517
0 0.6052083333333333 0.5273148148148148 0.005208333333333333 0.023148148148148147
0 0.6122395833333333 0.524537037037037 0.0046875 0.019444444444444445
0 0.6 0.49722222222222223 0.005208333333333333 0.022222222222222223
0 0.5919270833333333 0.5347222222222222 0.0046875 0.013888888888888888
0 0.5916666666666667 0.5310185185185186 0.004166666666666667 0.01574074074074074
0 0.6096354166666667 0.4722222222222222 0.0046875 0.018518518518518517
0 0.59375 0.48009259259259257 0.005208333333333333 0.021296296296296296
0 0.5895833333333333 0.4810185185185185 0.004166666666666667 0.021296296296296296
0 0.58671875 0.46944444444444444 0.0036458333333333334 0.020370370370370372
0 0.5903645833333333 0.4671296296296296 0.0046875 0.017592592592592594
0 0.5794270833333334 0.4699074074074074 0.0046875 0.019444444444444445
0 0.5752604166666667 0.4703703703703704 0.0046875 0.020370370370370372
0 0.5638020833333334 0.49074074074074076 0.0046875 0.012962962962962963
0 0.56328125 0.4777777777777778 0.0046875 0.016666666666666666
