0 0.1786764705882353 0.39673202614379083 0.023529411764705882 0.06666666666666667
0 0.015073529411764706 0.665359477124183 0.030147058823529412 0.06013071895424837
0 0.21691176470588236 0.08888888888888889 0.01764705882352941 0.05228758169934641
0 0.30330882352941174 0.023529411764705882 0.011029411764705883 0.047058823529411764
0 0.5154411764705882 0.16862745098039217 0.01764705882352941 0.07058823529411765
0 0.5529411764705883 0.3954248366013072 0.01911764705882353 0.05359477124183006
0 0.5400735294117647 0.39019607843137255 0.022794117647058822 0.058823529411764705
0 0.5360294117647059 0.3862745098039216 0.010294117647058823 0.043137254901960784
0 0.6680147058823529 0.06405228758169934 0.0125 0.06274509803921569
0 0.6102941176470589 0.7830065359477124 0.025 0.09934640522875816
0 0.5878676470588236 0.7568627450980392 0.03308823529411765 0.07581699346405228
0 0.5672794117647059 0.7398692810457517 0.019852941176470587 0.08888888888888889
0 0.6459558823529412 0.5071895424836601 0.03308823529411765 0.047058823529411764
0 0.9301470588235294 0.08758169934640522 0.013235294117647059 0.0392156862745098
0 0.9632352941176471 0.07908496732026143 0.023529411764705882 0.05620915032679739
0 0.9915441176470589 0.1843137254901961 0.016911764705882352 0.04967320261437908
0 0.955514705882353 0.44052287581699345 0.02426470588235294 0.06013071895424837
