0 0.36276041666666664 0.6388888888888888 0.011979166666666667 0.044444444444444446
0 0.35052083333333334 0.638425925925926 0.009375 0.05277777777777778
0 0.13932291666666666 0.3541666666666667 0.008854166666666666 0.021296296296296296
0 0.14010416666666667 0.35185185185185186 0.010416666666666666 0.022222222222222223
0 0.31354166666666666 0.27037037037037037 0.003125 0.014814814814814815
0 0.31588541666666664 0.26851851851851855 0.0067708333333333336 0.025925925925925925
0 0.2942708333333333 0.2759259259259259 0.007291666666666667 0.025925925925925925
0 0.29192708333333334 0.275 0.0067708333333333336 0.022222222222222223
0 0.2903645833333333 0.27361111111111114 0.0078125 0.028703703703703703
0 0.62734375 0.34814814814814815 0.0078125 0.020370370370370372
0 0.5231770833333333 0.4361111111111111 0.0067708333333333336 0.027777777777777776
0 0.8567708333333334 0.35 0.00625 0.020370370370370372
0 0.8494791666666667 0.3537037037037037 0.00625 0.016666666666666666
0 0.8486979166666667 0.34814814814814815 0.0067708333333333336 0.022222222222222223
0 0.83828125 0.34814814814814815 0.0078125 0.022222222222222223
0 0.853125 0.2712962962962963 0.005208333333333333 0.014814814814814815
0 0.7276041666666667 0.19398148148148148 0.003125 0.010185185185185186
0 0.7096354166666666 0.24074074074074073 0.0046875 0.012962962962962963
0 0.7013020833333333 0.2375 0.0046875 0.013888888888888888
0 0.696875 0.2375 0.003125 0.013888888888888888
0 0.7111979166666667 0.17546296296296296 0.0026041666666666665 0.008333333333333333
0 0.5002604166666667 0.17314814814814813 0.0046875 0.012962962962962963
