0 0.84375 0.9673202614379085 0.01838235294117647 0.06535947712418301
0 0.8341911764705883 0.9339869281045752 0.011029411764705883 0.030065359477124184
0 0.8360294117647059 0.9418300653594771 0.01911764705882353 0.06405228758169934
0 0.8128676470588235 0.903921568627451 0.019852941176470587 0.07973856209150326
0 0.6485294117647059 0.6895424836601307 0.013235294117647059 0.058823529411764705
0 0.6283088235294118 0.6065359477124183 0.009558823529411765 0.03398692810457516
0 0.5930147058823529 0.730718954248366 0.006617647058823529 0.044444444444444446
0 0.5852941176470589 0.730718954248366 0.011764705882352941 0.06013071895424837
0 0.7058823529411765 0.6084967320261437 0.010294117647058823 0.0457516339869281
0 0.6952205882352941 0.6098039215686275 0.008088235294117648 0.030065359477124184
0 0.6036764705882353 0.5633986928104575 0.011764705882352941 0.03398692810457516
0 0.5488970588235295 0.5424836601307189 0.006617647058823529 0.02875816993464052
0 0.5496323529411765 0.5359477124183006 0.011029411764705883 0.04183006535947712
0 0.5253676470588236 0.4947712418300654 0.009558823529411765 0.027450980392156862
0 0.40698529411764706 0.5333333333333333 0.008088235294117648 0.03398692810457516
0 0.4077205882352941 0.5287581699346405 0.009558823529411765 0.0457516339869281
0 0.3996323529411765 0.5 0.008088235294117648 0.03790849673202614
0 0.6047794117647058 0.4849673202614379 0.008088235294117648 0.0392156862745098
0 0.5863970588235294 0.4797385620915033 0.008088235294117648 0.04967320261437908
0 0.59375 0.48562091503267973 0.008088235294117648 0.03790849673202614
0 0.5488970588235295 0.3941176470588235 0.006617647058823529 0.032679738562091505
0 0.4632352941176471 0.3261437908496732 0.0058823529411764705 0.030065359477124184
0 0.4772058823529412 0.10784313725490197 0.0029411764705882353 0.01437908496732026
0 0.5018382352941176 0.07581699346405228 0.0022058823529411764 0.01045751633986928
