0 0.49926470588235294 0.8516339869281045 0.020588235294117647 0.058823529411764705
0 0.12941176470588237 0.965359477124183 0.01764705882352941 0.06928104575163399
0 0.16139705882352942 0.9568627450980393 0.027205882352941177 0.08366013071895424
0 0.16286764705882353 0.9745098039215686 0.022794117647058822 0.050980392156862744
0 0.1349264705882353 0.4738562091503268 0.008088235294117648 0.03529411764705882
0 0.1514705882352941 0.46862745098039216 0.008823529411764706 0.03529411764705882
0 0.18455882352941178 0.34901960784313724 0.0058823529411764705 0.026143790849673203
0 0.6783088235294118 0.7333333333333333 0.0125 0.07320261437908497
0 0.6051470588235294 0.7209150326797386 0.014705882352941176 0.07712418300653595
0 0.6455882352941177 0.7235294117647059 0.014705882352941176 0.06143790849673202
0 0.63125 0.6928104575163399 0.0125 0.047058823529411764
0 0.6602941176470588 0.6915032679738562 0.014705882352941176 0.02875816993464052
0 0.6882352941176471 0.7183006535947712 0.013235294117647059 0.07450980392156863
0 0.7014705882352941 0.6803921568627451 0.016176470588235296 0.043137254901960784
0 0.8544117647058823 0.9666666666666667 0.016176470588235296 0.05620915032679739
0 0.8952205882352942 0.8450980392156863 0.016911764705882352 0.08235294117647059
0 0.9018382352941177 0.842483660130719 0.015441176470588236 0.0718954248366013
0 0.9474264705882353 0.8901960784313725 0.021323529411764706 0.0392156862745098
0 0.96875 0.707843137254902 0.021323529411764706 0.058823529411764705
0 0.4007352941176471 0.4300653594771242 0.007352941176470588 0.02875816993464052
0 0.3922794117647059 0.39281045751633986 0.006617647058823529 0.0196078431372549
0 0.3915441176470588 0.3862745098039216 0.006617647058823529 0.0196078431372549
0 0.47095588235294117 0.5235294117647059 0.008088235294117648 0.02483660130718954
0 0.47463235294117645 0.5758169934640522 0.008088235294117648 0.03529411764705882
0 0.5992647058823529 0.6098039215686275 0.01764705882352941 0.048366013071895426
0 0.7238970588235294 0.6862745098039216 0.016911764705882352 0.05751633986928104
0 0.7580882352941176 0.7313725490196078 0.014705882352941176 0.058823529411764705
0 0.7716911764705883 0.7300653594771241 0.011029411764705883 0.05620915032679739
0 0.7544117647058823 0.7261437908496732 0.008823529411764706 0.03529411764705882
0 0.7838235294117647 0.6869281045751634 0.020588235294117647 0.03790849673202614
