0 0.36223958333333334 0.5796296296296296 0.009895833333333333 0.03148148148148148
0 0.39505208333333336 0.5370370370370371 0.005729166666666666 0.016666666666666666
0 0.3997395833333333 0.5393518518518519 0.0046875 0.023148148148148147
0 0.40520833333333334 0.5268518518518519 0.005208333333333333 0.020370370370370372
0 0.4390625 0.5342592592592592 0.005208333333333333 0.016666666666666666
0 0.4361979166666667 0.5393518518518519 0.0046875 0.017592592592592594
0 0.48802083333333335 0.5648148148148148 0.00625 0.022222222222222223
0 0.4421875 0.6203703703703703 0.014583333333333334 0.05555555555555555
0 0.45651041666666664 0.6046296296296296 0.0109375 0.04259259259259259
0 0.4596354166666667 0.675 0.016145833333333335 0.08148148148148149
0 0.49322916666666666 0.8050925925925926 0.028125 0.14722222222222223
0 0.5020833333333333 0.7481481481481481 0.029166666666666667 0.1
0 0.5403645833333334 0.8949074074074074 0.04739583333333333 0.15092592592592594
0 0.5796875 0.825462962962963 0.05 0.13055555555555556
0 0.76328125 0.888425925925926 0.03802083333333333 0.18425925925925926
0 0.7669270833333334 0.9597222222222223 0.0703125 0.08055555555555556
