0 0.6643382352941176 0.6065359477124183 0.006617647058823529 0.02875816993464052
0 0.6713235294117647 0.6091503267973856 0.010294117647058823 0.054901960784313725
0 0.6257352941176471 0.596078431372549 0.004411764705882353 0.03137254901960784
0 0.6125 0.592156862745098 0.0058823529411764705 0.03137254901960784
0 0.4672794117647059 0.9784313725490196 0.016911764705882352 0.030065359477124184
0 0.8952205882352942 0.37058823529411766 0.013970588235294118 0.027450980392156862
0 0.8404411764705882 0.2928104575163399 0.008823529411764706 0.0392156862745098
0 0.7970588235294118 0.28627450980392155 0.007352941176470588 0.02875816993464052
0 0.5610294117647059 0.47908496732026146 0.010294117647058823 0.0457516339869281
0 0.4485294117647059 0.6647058823529411 0.013235294117647059 0.040522875816993466
0 0.4470588235294118 0.6555555555555556 0.0058823529411764705 0.0196078431372549
0 0.3830882352941177 0.5745098039215686 0.016176470588235296 0.0457516339869281
0 0.5481617647058824 0.19607843137254902 0.005147058823529412 0.03398692810457516
0 0.5430147058823529 0.18758169934640523 0.005147058823529412 0.027450980392156862
0 0.4227941176470588 0.23333333333333334 0.007352941176470588 0.03790849673202614
0 0.5194852941176471 0.13333333333333333 0.006617647058823529 0.013071895424836602
0 0.4036764705882353 0.1784313725490196 0.007352941176470588 0.032679738562091505
0 0.4621323529411765 0.1111111111111111 0.006617647058823529 0.018300653594771243
