0 0.3536764705882353 0.3464052287581699 0.011764705882352941 0.04183006535947712
0 0.7805147058823529 0.33202614379084966 0.009558823529411765 0.04183006535947712
0 0.9661764705882353 0.2980392156862745 0.010294117647058823 0.04183006535947712
0 0.7514705882352941 0.34509803921568627 0.008823529411764706 0.04183006535947712
0 0.7393382352941177 0.3352941176470588 0.008088235294117648 0.0457516339869281
0 0.8588235294117647 0.30522875816993467 0.0058823529411764705 0.032679738562091505
0 0.8650735294117647 0.30915032679738563 0.008088235294117648 0.032679738562091505
0 0.18529411764705883 0.2934640522875817 0.008823529411764706 0.050980392156862744
0 0.04375 0.3803921568627451 0.013970588235294118 0.05751633986928104
0 0.05036764705882353 0.3784313725490196 0.011029411764705883 0.05359477124183006
0 0.10147058823529412 0.5823529411764706 0.01764705882352941 0.0457516339869281
0 0.725 0.3477124183006536 0.010294117647058823 0.02875816993464052
0 0.7694852941176471 0.4071895424836601 0.015441176470588236 0.02483660130718954
0 0.7797794117647059 0.3673202614379085 0.008088235294117648 0.026143790849673203
0 0.5738970588235294 0.11372549019607843 0.003676470588235294 0.02091503267973856
0 0.5834558823529412 0.10980392156862745 0.005147058823529412 0.018300653594771243
0 0.4158088235294118 0.07973856209150326 0.005147058823529412 0.018300653594771243
