0 0.05330882352941176 0.8098039215686275 0.013970588235294118 0.05359477124183006
0 0.18639705882352942 0.5490196078431373 0.006617647058823529 0.02875816993464052
0 0.37022058823529413 0.5196078431372549 0.005147058823529412 0.02483660130718954
0 0.39080882352941176 0.49673202614379086 0.008088235294117648 0.026143790849673203
0 0.33308823529411763 0.6032679738562091 0.0058823529411764705 0.03529411764705882
0 0.33897058823529413 0.6065359477124183 0.007352941176470588 0.03398692810457516
0 0.3503676470588235 0.6071895424836601 0.009558823529411765 0.032679738562091505
0 0.3422794117647059 0.5888888888888889 0.009558823529411765 0.03790849673202614
0 0.6191176470588236 0.7915032679738562 0.011764705882352941 0.040522875816993466
0 0.7830882352941176 0.6006535947712418 0.007352941176470588 0.027450980392156862
0 0.7698529411764706 0.5986928104575163 0.007352941176470588 0.03137254901960784
0 0.6470588235294118 0.6098039215686275 0.008823529411764706 0.030065359477124184
0 0.4389705882352941 0.5980392156862745 0.010294117647058823 0.02483660130718954
0 0.4386029411764706 0.5241830065359477 0.006617647058823529 0.023529411764705882
0 0.5584558823529412 0.5470588235294118 0.006617647058823529 0.0196078431372549
0 0.6169117647058824 0.5091503267973856 0.007352941176470588 0.02483660130718954
