0 0.35078125 0.7550925925925925 0.011979166666666667 0.049074074074074076
0 0.3515625 0.7763888888888889 0.019791666666666666 0.11203703703703703
0 0.3692708333333333 0.7712962962962963 0.015625 0.12962962962962962
0 0.7677083333333333 0.7300925925925926 0.016666666666666666 0.10277777777777777
0 0.6661458333333333 0.6884259259259259 0.016666666666666666 0.05462962962962963
0 0.7395833333333334 0.5416666666666666 0.003125 0.012962962962962963
0 0.7427083333333333 0.5574074074074075 0.005208333333333333 0.022222222222222223
0 0.7302083333333333 0.5680555555555555 0.005208333333333333 0.021296296296296296
0 0.7309895833333333 0.5574074074074075 0.0067708333333333336 0.018518518518518517
0 0.7151041666666667 0.5375 0.004166666666666667 0.01574074074074074
0 0.6786458333333333 0.5592592592592592 0.00625 0.027777777777777776
