0 0.5731617647058823 0.9267973856209151 0.03897058823529412 0.11764705882352941
0 0.5466911764705882 0.7333333333333333 0.030147058823529412 0.10980392156862745
0 0.6231617647058824 0.7725490196078432 0.021323529411764706 0.09934640522875816
0 0.5878676470588236 0.7124183006535948 0.019852941176470587 0.10196078431372549
0 0.31213235294117647 0.7372549019607844 0.022794117647058822 0.09934640522875816
0 0.34375 0.6529411764705882 0.021323529411764706 0.09281045751633987
0 0.19264705882352942 0.7784313725490196 0.03235294117647059 0.10065359477124183
0 0.2161764705882353 0.7784313725490196 0.03235294117647059 0.10588235294117647
0 0.22573529411764706 0.9477124183006536 0.027941176470588237 0.10457516339869281
0 0.028676470588235293 0.4915032679738562 0.020588235294117647 0.08104575163398693
0 0.20036764705882354 0.5058823529411764 0.01838235294117647 0.07581699346405228
0 0.18566176470588236 0.49084967320261436 0.019852941176470587 0.08758169934640522
0 0.1724264705882353 0.45098039215686275 0.013970588235294118 0.06274509803921569
0 0.7308823529411764 0.4777777777777778 0.016176470588235296 0.06928104575163399
0 0.35955882352941176 0.4 0.016176470588235296 0.07058823529411765
0 0.36801470588235297 0.39869281045751637 0.011029411764705883 0.06797385620915032
0 0.3775735294117647 0.4 0.016911764705882352 0.06797385620915032
0 0.40147058823529413 0.31241830065359477 0.010294117647058823 0.06013071895424837
0 0.39301470588235293 0.3150326797385621 0.011029411764705883 0.06274509803921569
0 0.36875 0.296078431372549 0.013970588235294118 0.058823529411764705
0 0.38125 0.2901960784313726 0.0125 0.06274509803921569
0 0.4768382352941177 0.3437908496732026 0.015441176470588236 0.06274509803921569
0 0.3981617647058823 0.38758169934640524 0.015441176470588236 0.06405228758169934
0 0.37683823529411764 0.3568627450980392 0.013970588235294118 0.06535947712418301
0 0.7224264705882353 0.28169934640522876 0.011029411764705883 0.058823529411764705
0 0.6415441176470589 0.38823529411764707 0.011029411764705883 0.06535947712418301
0 0.6768382352941177 0.38758169934640524 0.022794117647058822 0.058823529411764705
0 0.6466911764705883 0.38758169934640524 0.019852941176470587 0.06666666666666667
0 0.7073529411764706 0.40261437908496733 0.01911764705882353 0.06274509803921569
0 0.7555147058823529 0.39019607843137255 0.01838235294117647 0.03790849673202614
0 0.13088235294117648 0.3718954248366013 0.023529411764705882 0.058823529411764705
0 0.11433823529411764 0.373202614379085 0.011029411764705883 0.03529411764705882
0 0.1514705882352941 0.22418300653594772 0.01764705882352941 0.050980392156862744
0 0.17977941176470588 0.1261437908496732 0.011029411764705883 0.030065359477124184
0 0.06654411764705882 0.1542483660130719 0.011029411764705883 0.04183006535947712
0 0.07169117647058823 0.15359477124183007 0.009558823529411765 0.040522875816993466
0 0.07867647058823529 0.1568627450980392 0.008823529411764706 0.03398692810457516
0 0.09889705882352941 0.10130718954248366 0.008088235294117648 0.032679738562091505
0 0.10330882352941176 0.10718954248366012 0.006617647058823529 0.026143790849673203
0 0.10735294117647058 0.10588235294117647 0.0058823529411764705 0.018300653594771243
0 0.02389705882352941 0.054901960784313725 0.009558823529411765 0.03398692810457516
0 0.027941176470588237 0.05359477124183006 0.007352941176470588 0.03398692810457516
0 0.03272058823529412 0.05620915032679739 0.009558823529411765 0.03137254901960784
0 0.4261029411764706 0.041176470588235294 0.006617647058823529 0.03529411764705882
0 0.44669117647058826 0.04379084967320261 0.008088235294117648 0.022222222222222223
0 0.45625 0.02287581699346405 0.005147058823529412 0.022222222222222223
0 0.4621323529411765 0.021568627450980392 0.005147058823529412 0.022222222222222223
0 0.5084558823529411 0.03333333333333333 0.006617647058823529 0.01699346405228758
0 0.85 0.10457516339869281 0.011764705882352941 0.02875816993464052
0 0.9352941176470588 0.05163398692810457 0.007352941176470588 0.027450980392156862
0 0.8779411764705882 0.02091503267973856 0.004411764705882353 0.02091503267973856
0 0.893014705882353 0.029411764705882353 0.005147058823529412 0.022222222222222223
0 0.8941176470588236 0.025490196078431372 0.004411764705882353 0.011764705882352941
0 0.8845588235294117 0.02679738562091503 0.004411764705882353 0.022222222222222223
0 0.9022058823529412 0.028104575163398694 0.004411764705882353 0.0196078431372549
0 0.8867647058823529 0.023529411764705882 0.0029411764705882353 0.02091503267973856
