0 0.5466911764705882 0.9666666666666667 0.005147058823529412 0.011764705882352941
0 0.5636029411764706 0.7215686274509804 0.005147058823529412 0.01045751633986928
0 0.5610294117647059 0.730718954248366 0.0058823529411764705 0.01045751633986928
0 0.41360294117647056 0.6222222222222222 0.006617647058823529 0.01568627450980392
0 0.32316176470588237 0.5751633986928104 0.005147058823529412 0.01045751633986928
0 0.31286764705882353 0.5555555555555556 0.006617647058823529 0.00784313725490196
0 0.3323529411764706 0.5483660130718955 0.0058823529411764705 0.009150326797385621
0 0.33897058823529413 0.5470588235294118 0.0058823529411764705 0.009150326797385621
0 0.4 0.4065359477124183 0.0058823529411764705 0.01045751633986928
0 0.4047794117647059 0.36470588235294116 0.005147058823529412 0.013071895424836602
0 0.3775735294117647 0.3483660130718954 0.006617647058823529 0.011764705882352941
0 0.39375 0.27320261437908494 0.005147058823529412 0.013071895424836602
0 0.44227941176470587 0.28169934640522876 0.006617647058823529 0.01437908496732026
0 0.4801470588235294 0.3352941176470588 0.007352941176470588 0.011764705882352941
0 0.4650735294117647 0.307843137254902 0.005147058823529412 0.009150326797385621
0 0.4650735294117647 0.30130718954248364 0.005147058823529412 0.011764705882352941
0 0.5088235294117647 0.2568627450980392 0.007352941176470588 0.011764705882352941
0 0.5441176470588235 0.2738562091503268 0.007352941176470588 0.011764705882352941
0 0.5393382352941176 0.24901960784313726 0.005147058823529412 0.01699346405228758
0 0.4772058823529412 0.2803921568627451 0.004411764705882353 0.01699346405228758
0 0.4772058823529412 0.2718954248366013 0.0058823529411764705 0.013071895424836602
0 0.5397058823529411 0.1830065359477124 0.0058823529411764705 0.013071895424836602
0 0.4727941176470588 0.21241830065359477 0.004411764705882353 0.01437908496732026
0 0.47610294117647056 0.21372549019607842 0.003676470588235294 0.011764705882352941
0 0.40661764705882353 0.2326797385620915 0.0058823529411764705 0.01568627450980392
0 0.40808823529411764 0.13725490196078433 0.0058823529411764705 0.01568627450980392
0 0.38823529411764707 0.11437908496732026 0.004411764705882353 0.009150326797385621
0 0.39448529411764705 0.08366013071895424 0.005147058823529412 0.013071895424836602
0 0.40698529411764706 0.045098039215686274 0.005147058823529412 0.011764705882352941
