0 0.6378676470588235 0.34183006535947713 0.009558823529411765 0.040522875816993466
0 0.6400735294117647 0.2627450980392157 0.006617647058823529 0.026143790849673203
0 0.6470588235294118 0.14836601307189543 0.0058823529411764705 0.022222222222222223
0 0.4113970588235294 0.41045751633986927 0.011029411764705883 0.047058823529411764
0 0.2323529411764706 0.4339869281045752 0.010294117647058823 0.04183006535947712
0 0.2161764705882353 0.4418300653594771 0.010294117647058823 0.03398692810457516
0 0.2797794117647059 0.2633986928104575 0.008088235294117648 0.030065359477124184
0 0.2988970588235294 0.22941176470588234 0.006617647058823529 0.030065359477124184
0 0.30808823529411766 0.22418300653594772 0.007352941176470588 0.030065359477124184
0 0.3165441176470588 0.22875816993464052 0.008088235294117648 0.026143790849673203
0 0.4102941176470588 0.134640522875817 0.0058823529411764705 0.023529411764705882
0 0.3897058823529412 0.06666666666666667 0.004411764705882353 0.01568627450980392
0 0.3952205882352941 0.06666666666666667 0.003676470588235294 0.018300653594771243
0 0.49669117647058825 0.08758169934640522 0.003676470588235294 0.01568627450980392
0 0.5051470588235294 0.0718954248366013 0.004411764705882353 0.013071895424836602
0 0.5051470588235294 0.06928104575163399 0.004411764705882353 0.013071895424836602
0 0.42683823529411763 0.08888888888888889 0.003676470588235294 0.01568627450980392
