0 0.5948529411764706 0.9045751633986928 0.014705882352941176 0.047058823529411764
0 0.4158088235294118 0.46013071895424834 0.003676470588235294 0.01568627450980392
0 0.5441176470588235 0.46339869281045754 0.004411764705882353 0.01699346405228758
0 0.5610294117647059 0.6248366013071895 0.0058823529411764705 0.036601307189542485
0 0.6036764705882353 0.626797385620915 0.004411764705882353 0.032679738562091505
0 0.5926470588235294 0.6294117647058823 0.008823529411764706 0.03529411764705882
0 0.6143382352941177 0.6196078431372549 0.005147058823529412 0.0392156862745098
0 0.6040441176470588 0.6032679738562091 0.005147058823529412 0.032679738562091505
0 0.6577205882352941 0.5581699346405229 0.005147058823529412 0.03137254901960784
0 0.5676470588235294 0.515032679738562 0.004411764705882353 0.026143790849673203
0 0.24338235294117647 0.7026143790849673 0.0058823529411764705 0.03790849673202614
0 0.22426470588235295 0.7163398692810458 0.011764705882352941 0.036601307189542485
0 0.4022058823529412 0.4738562091503268 0.0029411764705882353 0.02483660130718954
0 0.39889705882352944 0.4745098039215686 0.003676470588235294 0.02091503267973856
0 0.41102941176470587 0.42026143790849674 0.0029411764705882353 0.0196078431372549
0 0.8242647058823529 0.74640522875817 0.011764705882352941 0.03398692810457516
0 0.26875 0.822875816993464 0.008088235294117648 0.058823529411764705
0 0.27683823529411766 0.822875816993464 0.008088235294117648 0.05359477124183006
0 0.5375 0.48104575163398694 0.0058823529411764705 0.023529411764705882
0 0.5422794117647058 0.48169934640522877 0.003676470588235294 0.02483660130718954
0 0.40588235294117647 0.42483660130718953 0.004411764705882353 0.01568627450980392
