0 0.6349264705882353 0.6607843137254902 0.011029411764705883 0.050980392156862744
0 0.3573529411764706 0.7875816993464052 0.013235294117647059 0.05620915032679739
0 0.43272058823529413 0.5104575163398692 0.009558823529411765 0.030065359477124184
0 0.4202205882352941 0.3150326797385621 0.005147058823529412 0.02091503267973856
0 0.42830882352941174 0.265359477124183 0.003676470588235294 0.018300653594771243
0 0.44080882352941175 0.2529411764705882 0.003676470588235294 0.01437908496732026
0 0.4636029411764706 0.20261437908496732 0.003676470588235294 0.013071895424836602
0 0.5261029411764706 0.2503267973856209 0.003676470588235294 0.011764705882352941
0 0.5466911764705882 0.29215686274509806 0.003676470588235294 0.0196078431372549
0 0.5529411764705883 0.2934640522875817 0.004411764705882353 0.011764705882352941
0 0.46544117647058825 0.2549019607843137 0.0029411764705882353 0.01568627450980392
