0 0.18125 0.38796296296296295 0.005208333333333333 0.018518518518518517
0 0.22161458333333334 0.39305555555555555 0.0036458333333333334 0.023148148148148147
0 0.18333333333333332 0.449537037037037 0.009375 0.025
0 0.20989583333333334 0.4412037037037037 0.010416666666666666 0.023148148148148147
0 0.2638020833333333 0.6194444444444445 0.0109375 0.05
0 0.053385416666666664 0.875462962962963 0.018229166666666668 0.06574074074074074
0 0.16588541666666667 0.962037037037037 0.0171875 0.07592592592592592
0 0.19036458333333334 0.9648148148148148 0.0265625 0.07037037037037037
0 0.2520833333333333 0.8379629629629629 0.019791666666666666 0.06296296296296296
0 0.2869791666666667 0.9254629629629629 0.021875 0.05648148148148148
0 0.30572916666666666 0.6694444444444444 0.013541666666666667 0.040740740740740744
0 0.26510416666666664 0.4222222222222222 0.005208333333333333 0.025925925925925925
0 0.24088541666666666 0.4439814814814815 0.0078125 0.021296296296296296
0 0.27786458333333336 0.44675925925925924 0.0078125 0.025
0 0.30390625 0.4152777777777778 0.0067708333333333336 0.019444444444444445
0 0.3390625 0.41203703703703703 0.008333333333333333 0.022222222222222223
0 0.36484375 0.45046296296296295 0.0067708333333333336 0.030555555555555555
0 0.36223958333333334 0.47453703703703703 0.0078125 0.028703703703703703
0 0.3828125 0.4759259259259259 0.008333333333333333 0.02962962962962963
0 0.37838541666666664 0.4759259259259259 0.0067708333333333336 0.020370370370370372
0 0.3580729166666667 0.5203703703703704 0.0067708333333333336 0.03518518518518519
0 0.37057291666666664 0.49907407407407406 0.0067708333333333336 0.037037037037037035
0 0.378125 0.5018518518518519 0.007291666666666667 0.03518518518518519
0 0.3841145833333333 0.7046296296296296 0.013020833333333334 0.05555555555555555
0 0.30364583333333334 0.4587962962962963 0.009375 0.025
0 0.3958333333333333 0.5851851851851851 0.009375 0.03888888888888889
0 0.40989583333333335 0.5675925925925925 0.008333333333333333 0.037037037037037035
0 0.42265625 0.5699074074074074 0.009895833333333333 0.03981481481481482
0 0.40703125 0.5370370370370371 0.008854166666666666 0.03888888888888889
0 0.39401041666666664 0.5638888888888889 0.009895833333333333 0.037037037037037035
0 0.3893229166666667 0.5467592592592593 0.008854166666666666 0.026851851851851852
0 0.371875 0.5643518518518519 0.00625 0.03611111111111111
0 0.346875 0.4550925925925926 0.007291666666666667 0.017592592592592594
0 0.41354166666666664 0.42314814814814816 0.007291666666666667 0.020370370370370372
0 0.4075520833333333 0.425 0.005729166666666666 0.022222222222222223
0 0.40286458333333336 0.4 0.0067708333333333336 0.018518518518518517
0 0.3953125 0.40555555555555556 0.007291666666666667 0.016666666666666666
0 0.4984375 0.3625 0.005208333333333333 0.01574074074074074
0 0.4981770833333333 0.3527777777777778 0.0046875 0.011111111111111112
0 0.49375 0.3578703703703704 0.004166666666666667 0.019444444444444445
0 0.49166666666666664 0.35462962962962963 0.003125 0.014814814814814815
0 0.48411458333333335 0.3837962962962963 0.0046875 0.017592592592592594
0 0.478125 0.3976851851851852 0.005208333333333333 0.01574074074074074
0 0.46796875 0.4083333333333333 0.0046875 0.020370370370370372
0 0.46015625 0.43472222222222223 0.0078125 0.021296296296296296
0 0.4153645833333333 0.4726851851851852 0.0067708333333333336 0.026851851851851852
0 0.44817708333333334 0.4324074074074074 0.005729166666666666 0.020370370370370372
0 0.5846354166666666 0.37175925925925923 0.0046875 0.017592592592592594
0 0.5971354166666667 0.3851851851851852 0.0046875 0.018518518518518517
0 0.5609375 0.45185185185185184 0.00625 0.025925925925925925
0 0.5955729166666667 0.41805555555555557 0.005729166666666666 0.021296296296296296
0 0.5122395833333333 0.337037037037037 0.0036458333333333334 0.014814814814814815
0 0.5091145833333334 0.34074074074074073 0.0036458333333333334 0.011111111111111112
0 0.5768229166666666 0.48842592592592593 0.008854166666666666 0.026851851851851852
0 0.6088541666666667 0.4875 0.008333333333333333 0.025
0 0.5890625 0.48703703703703705 0.009375 0.02962962962962963
0 0.59921875 0.4736111111111111 0.0078125 0.025
0 0.6018229166666667 0.4671296296296296 0.008854166666666666 0.023148148148148147
0 0.59609375 0.462037037037037 0.008854166666666666 0.025925925925925925
0 0.6299479166666667 0.4587962962962963 0.008854166666666666 0.030555555555555555
0 0.66171875 0.5689814814814815 0.0109375 0.04351851851851852
0 0.68671875 0.4962962962962963 0.0067708333333333336 0.02962962962962963
0 0.6830729166666667 0.49074074074074076 0.0078125 0.024074074074074074
0 0.6791666666666667 0.48703703703703705 0.009375 0.027777777777777776
0 0.7408854166666666 0.49675925925925923 0.009895833333333333 0.032407407407407406
0 0.6729166666666667 0.5976851851851852 0.010416666666666666 0.04351851851851852
0 0.7151041666666667 0.6601851851851852 0.013541666666666667 0.046296296296296294
0 0.7658854166666667 0.8106481481481481 0.018229166666666668 0.06018518518518518
0 0.45755208333333336 0.41944444444444445 0.0067708333333333336 0.024074074074074074
0 0.44947916666666665 0.40324074074074073 0.007291666666666667 0.01574074074074074
0 0.45755208333333336 0.4 0.0067708333333333336 0.016666666666666666
0 0.6466145833333333 0.4847222222222222 0.008854166666666666 0.026851851851851852
0 0.6421875 0.4671296296296296 0.00625 0.023148148148148147
0 0.48151041666666666 0.36898148148148147 0.0046875 0.021296296296296296
0 0.47239583333333335 0.3662037037037037 0.004166666666666667 0.017592592592592594
0 0.459375 0.38472222222222224 0.004166666666666667 0.01574074074074074
0 0.4265625 0.4023148148148148 0.007291666666666667 0.021296296296296296
0 0.5934895833333333 0.475 0.008854166666666666 0.020370370370370372
0 0.4453125 0.39166666666666666 0.004166666666666667 0.022222222222222223
0 0.5317708333333333 0.43842592592592594 0.005208333333333333 0.026851851851851852
0 0.57421875 0.325 0.0026041666666666665 0.012962962962962963
0 0.5828125 0.324537037037037 0.003125 0.013888888888888888
0 0.7393229166666667 0.5773148148148148 0.0078125 0.04351851851851852
0 0.734375 0.5745370370370371 0.009375 0.04351851851851852
0 0.76484375 0.5796296296296296 0.009895833333333333 0.040740740740740744
0 0.7786458333333334 0.5939814814814814 0.010416666666666666 0.04351851851851852
0 0.5888020833333333 0.33055555555555555 0.0036458333333333334 0.014814814814814815
0 0.5947916666666667 0.3300925925925926 0.003125 0.01574074074074074
