0 0.4317708333333333 0.6592592592592592 0.015625 0.040740740740740744
0 0.4322916666666667 0.5277777777777778 0.0125 0.03333333333333333
0 0.4739583333333333 0.5277777777777778 0.0125 0.03333333333333333
0 0.5208333333333334 0.5064814814814815 0.0125 0.03148148148148148
0 0.45416666666666666 0.4935185185185185 0.0125 0.03148148148148148
0 0.48072916666666665 0.38333333333333336 0.011458333333333333 0.025925925925925925
0 0.5192708333333333 0.6046296296296296 0.011458333333333333 0.03148148148148148
0 0.5552083333333333 0.5462962962962963 0.010416666666666666 0.02962962962962963
0 0.559375 0.5425925925925926 0.008333333333333333 0.037037037037037035
0 0.5677083333333334 0.5444444444444444 0.008333333333333333 0.037037037037037035
