0 0.5010416666666667 0.2462962962962963 0.0020833333333333333 0.009259259259259259
0 0.5033854166666667 0.2564814814814815 0.0026041666666666665 0.005555555555555556
0 0.5044270833333333 0.2689814814814815 0.0026041666666666665 0.010185185185185186
0 0.503125 0.28425925925925927 0.0020833333333333333 0.005555555555555556
0 0.50703125 0.29583333333333334 0.0026041666666666665 0.006481481481481481
0 0.5127604166666667 0.32083333333333336 0.0036458333333333334 0.013888888888888888
0 0.5067708333333333 0.34444444444444444 0.003125 0.014814814814814815
0 0.5083333333333333 0.33935185185185185 0.003125 0.008333333333333333
0 0.5002604166666667 0.37222222222222223 0.0036458333333333334 0.011111111111111112
0 0.5145833333333333 0.38657407407407407 0.003125 0.010185185185185186
0 0.5231770833333333 0.3925925925925926 0.0036458333333333334 0.009259259259259259
0 0.5234375 0.38796296296296295 0.004166666666666667 0.011111111111111112
0 0.52734375 0.3976851851851852 0.0036458333333333334 0.013888888888888888
0 0.53671875 0.44027777777777777 0.0046875 0.01574074074074074
0 0.4901041666666667 0.44074074074074077 0.00625 0.018518518518518517
0 0.4859375 0.4773148148148148 0.005208333333333333 0.01574074074074074
0 0.55078125 0.48009259259259257 0.0046875 0.017592592592592594
0 0.4986979166666667 0.5125 0.0067708333333333336 0.019444444444444445
0 0.4864583333333333 0.5013888888888889 0.00625 0.01574074074074074
0 0.58125 0.5398148148148149 0.00625 0.027777777777777776
0 0.48541666666666666 0.624537037037037 0.007291666666666667 0.019444444444444445
0 0.5799479166666667 0.6888888888888889 0.0109375 0.025925925925925925
0 0.56484375 0.6828703703703703 0.008854166666666666 0.023148148148148147
0 0.49583333333333335 0.6935185185185185 0.008333333333333333 0.027777777777777776
0 0.7026041666666667 0.8712962962962963 0.009375 0.05
0 0.771875 0.7662037037037037 0.00625 0.04537037037037037
0 0.7783854166666667 0.7722222222222223 0.0067708333333333336 0.044444444444444446
0 0.8041666666666667 0.7930555555555555 0.013541666666666667 0.04722222222222222
0 0.7783854166666667 0.8277777777777777 0.011979166666666667 0.03333333333333333
0 0.7098958333333333 0.9787037037037037 0.016666666666666666 0.025925925925925925
0 0.6825520833333333 0.8986111111111111 0.0140625 0.03796296296296296
0 0.5916666666666667 0.7907407407407407 0.0125 0.016666666666666666
0 0.5921875 0.8018518518518518 0.011458333333333333 0.022222222222222223
0 0.37135416666666665 0.6180555555555556 0.0125 0.025
0 0.43723958333333335 0.8824074074074074 0.0109375 0.027777777777777776
0 0.4471354166666667 0.749537037037037 0.0078125 0.03981481481481482
0 0.4588541666666667 0.7101851851851851 0.007291666666666667 0.04259259259259259
0 0.4453125 0.7097222222222223 0.010416666666666666 0.03425925925925926
0 0.45729166666666665 0.8564814814814815 0.0125 0.05555555555555555
0 0.4505208333333333 0.8597222222222223 0.008333333333333333 0.03796296296296296
0 0.39921875 0.7620370370370371 0.0140625 0.03148148148148148
0 0.4270833333333333 0.8092592592592592 0.009375 0.044444444444444446
0 0.42109375 0.8115740740740741 0.0109375 0.03425925925925926
0 0.9252604166666667 0.7439814814814815 0.0109375 0.028703703703703703
0 0.9658854166666667 0.7564814814814815 0.011979166666666667 0.03148148148148148
0 0.984375 0.7560185185185185 0.008333333333333333 0.03611111111111111
0 0.9934895833333334 0.75 0.0109375 0.044444444444444446
0 0.9408854166666667 0.9712962962962963 0.011979166666666667 0.053703703703703705
0 0.9794270833333333 0.9745370370370371 0.0203125 0.03981481481481482
