0 0.11433823529411764 0.01699346405228758 0.0125 0.023529411764705882
0 0.002573529411764706 0.05032679738562092 0.005147058823529412 0.040522875816993466
0 0.20772058823529413 0.3045751633986928 0.015441176470588236 0.06535947712418301
0 0.21875 0.26666666666666666 0.016911764705882352 0.06013071895424837
0 0.25330882352941175 0.3235294117647059 0.013970588235294118 0.058823529411764705
0 0.2400735294117647 0.31699346405228757 0.013970588235294118 0.05620915032679739
0 0.4852941176470588 0.6607843137254902 0.022058823529411766 0.09281045751633987
0 0.49963235294117647 0.6477124183006536 0.01838235294117647 0.09019607843137255
0 0.7415441176470589 0.2869281045751634 0.015441176470588236 0.050980392156862744
0 0.7341911764705882 0.2045751633986928 0.013970588235294118 0.05359477124183006
0 0.7290441176470588 0.17973856209150327 0.011029411764705883 0.048366013071895426
0 0.736764705882353 0.18104575163398692 0.010294117647058823 0.03790849673202614
0 0.7481617647058824 0.18562091503267975 0.011029411764705883 0.04967320261437908
0 0.00625 0.7555555555555555 0.0125 0.08627450980392157
