0 0.6625 0.7647058823529411 0.008823529411764706 0.01045751633986928
0 0.6452205882352942 0.7699346405228759 0.005147058823529412 0.01045751633986928
0 0.6393382352941176 0.773202614379085 0.005147058823529412 0.009150326797385621
0 0.6139705882352942 0.9555555555555556 0.004411764705882353 0.013071895424836602
0 0.6172794117647059 0.9535947712418301 0.003676470588235294 0.011764705882352941
0 0.49301470588235297 0.8470588235294118 0.006617647058823529 0.013071895424836602
0 0.5602941176470588 0.7620915032679738 0.007352941176470588 0.013071895424836602
0 0.49411764705882355 0.74640522875817 0.0058823529411764705 0.013071895424836602
0 0.48970588235294116 0.7993464052287582 0.0058823529411764705 0.011764705882352941
0 0.4117647058823529 0.5673202614379085 0.0058823529411764705 0.013071895424836602
0 0.4051470588235294 0.5830065359477125 0.0058823529411764705 0.01568627450980392
0 0.39926470588235297 0.5241830065359477 0.0058823529411764705 0.00784313725490196
0 0.4036764705882353 0.5091503267973856 0.0058823529411764705 0.011764705882352941
0 0.4077205882352941 0.4973856209150327 0.005147058823529412 0.009150326797385621
0 0.475 0.4718954248366013 0.007352941176470588 0.013071895424836602
0 0.5511029411764706 0.5032679738562091 0.006617647058823529 0.01568627450980392
0 0.5426470588235294 0.4071895424836601 0.0058823529411764705 0.01437908496732026
0 0.45551470588235293 0.4300653594771242 0.006617647058823529 0.01568627450980392
0 0.45 0.43333333333333335 0.004411764705882353 0.01437908496732026
0 0.45183823529411765 0.4 0.003676470588235294 0.00784313725490196
0 0.47352941176470587 0.29215686274509806 0.0058823529411764705 0.011764705882352941
0 0.5294117647058824 0.27712418300653596 0.007352941176470588 0.013071895424836602
0 0.4404411764705882 0.2542483660130719 0.0058823529411764705 0.011764705882352941
0 0.3536764705882353 0.24836601307189543 0.0058823529411764705 0.013071895424836602
0 0.3477941176470588 0.2372549019607843 0.007352941176470588 0.01437908496732026
0 0.3801470588235294 0.2411764705882353 0.0058823529411764705 0.01437908496732026
0 0.3805147058823529 0.23006535947712417 0.005147058823529412 0.01045751633986928
0 0.3003676470588235 0.20980392156862746 0.008088235294117648 0.011764705882352941
0 0.18161764705882352 0.27647058823529413 0.008823529411764706 0.011764705882352941
0 0.18088235294117647 0.269281045751634 0.007352941176470588 0.01045751633986928
0 0.4591911764705882 0.14575163398692811 0.006617647058823529 0.01699346405228758
0 0.40588235294117647 0.16339869281045752 0.0058823529411764705 0.00784313725490196
0 0.3996323529411765 0.17320261437908496 0.005147058823529412 0.009150326797385621
0 0.3985294117647059 0.1627450980392157 0.0058823529411764705 0.009150326797385621
0 0.5257352941176471 0.01568627450980392 0.0058823529411764705 0.018300653594771243
0 0.5977941176470588 0.14901960784313725 0.007352941176470588 0.01568627450980392
0 0.6110294117647059 0.1542483660130719 0.0058823529411764705 0.013071895424836602
0 0.5823529411764706 0.12026143790849673 0.0058823529411764705 0.013071895424836602
0 0.5849264705882353 0.12418300653594772 0.005147058823529412 0.01045751633986928
0 0.5952205882352941 0.0718954248366013 0.003676470588235294 0.01568627450980392
0 0.5904411764705882 0.0803921568627451 0.004411764705882353 0.011764705882352941
0 0.5878676470588236 0.07647058823529412 0.003676470588235294 0.011764705882352941
0 0.6003676470588235 0.043137254901960784 0.005147058823529412 0.01568627450980392
0 0.6 0.08954248366013072 0.004411764705882353 0.009150326797385621
0 0.7977941176470589 0.09084967320261438 0.0058823529411764705 0.01437908496732026
0 0.7922794117647058 0.08823529411764706 0.006617647058823529 0.01437908496732026
