0 0.14154411764705882 0.3241830065359477 0.011029411764705883 0.02875816993464052
0 0.19852941176470587 0.32287581699346407 0.010294117647058823 0.047058823529411764
0 0.2783088235294118 0.34248366013071896 0.008088235294117648 0.047058823529411764
0 0.2863970588235294 0.3457516339869281 0.008088235294117648 0.043137254901960784
0 0.3602941176470588 0.2954248366013072 0.0058823529411764705 0.036601307189542485
0 0.3613970588235294 0.29215686274509806 0.005147058823529412 0.043137254901960784
0 0.22536764705882353 0.6431372549019608 0.0125 0.06535947712418301
0 0.2485294117647059 0.6366013071895424 0.016176470588235296 0.06535947712418301
0 0.3448529411764706 0.5888888888888889 0.01764705882352941 0.050980392156862744
0 0.24558823529411763 0.596078431372549 0.014705882352941176 0.04967320261437908
0 0.24705882352941178 0.5751633986928104 0.016176470588235296 0.04183006535947712
0 0.2551470588235294 0.5627450980392157 0.016176470588235296 0.048366013071895426
0 0.26544117647058824 0.5640522875816993 0.014705882352941176 0.058823529411764705
0 0.2202205882352941 0.561437908496732 0.013970588235294118 0.06405228758169934
0 0.930514705882353 0.4111111111111111 0.0125 0.048366013071895426
0 0.9448529411764706 0.3993464052287582 0.014705882352941176 0.040522875816993466
0 0.9650735294117647 0.3568627450980392 0.011029411764705883 0.04183006535947712
0 0.9272058823529412 0.2928104575163399 0.011764705882352941 0.03398692810457516
0 0.7768382352941177 0.3300653594771242 0.0125 0.03790849673202614
0 0.79375 0.3045751633986928 0.009558823529411765 0.0392156862745098
0 0.8 0.30196078431372547 0.0058823529411764705 0.02875816993464052
0 0.9055147058823529 0.34967320261437906 0.011029411764705883 0.043137254901960784
0 0.9117647058823529 0.3516339869281046 0.008823529411764706 0.04183006535947712
0 0.7345588235294118 0.2568627450980392 0.010294117647058823 0.03790849673202614
0 0.6643382352941176 0.2 0.009558823529411765 0.026143790849673203
0 0.8922794117647059 0.2830065359477124 0.009558823529411765 0.040522875816993466
0 0.9106617647058823 0.21241830065359477 0.009558823529411765 0.030065359477124184
0 0.9911764705882353 0.2542483660130719 0.008823529411764706 0.03529411764705882
0 0.9731617647058823 0.1830065359477124 0.006617647058823529 0.023529411764705882
0 0.925 0.2169934640522876 0.007352941176470588 0.02875816993464052
0 0.9816176470588235 0.1830065359477124 0.008823529411764706 0.02875816993464052
0 0.9871323529411765 0.1830065359477124 0.008088235294117648 0.03398692810457516
0 0.9801470588235294 0.2169934640522876 0.007352941176470588 0.02875816993464052
