0 0.52109375 0.6717592592592593 0.013020833333333334 0.032407407407407406
0 0.16380208333333332 0.4736111111111111 0.008854166666666666 0.028703703703703703
0 0.20598958333333334 0.42685185185185187 0.0067708333333333336 0.022222222222222223
0 0.05078125 0.22361111111111112 0.0046875 0.013888888888888888
0 0.08046875 0.2513888888888889 0.0036458333333333334 0.01574074074074074
0 0.07369791666666667 0.25833333333333336 0.0026041666666666665 0.009259259259259259
0 0.03697916666666667 0.24259259259259258 0.003125 0.012962962962962963
0 0.03515625 0.23796296296296296 0.0026041666666666665 0.012962962962962963
0 0.3846354166666667 0.399537037037037 0.005729166666666666 0.021296296296296296
0 0.4875 0.3958333333333333 0.00625 0.019444444444444445
0 0.5236979166666667 0.40324074074074073 0.0067708333333333336 0.023148148148148147
0 0.7872395833333333 0.3611111111111111 0.0046875 0.022222222222222223
0 0.6010416666666667 0.2361111111111111 0.003125 0.012962962962962963
0 0.58828125 0.225 0.0026041666666666665 0.012962962962962963
0 0.7216145833333333 0.31527777777777777 0.0036458333333333334 0.017592592592592594
0 0.7395833333333334 0.3037037037037037 0.003125 0.018518518518518517
0 0.7427083333333333 0.3050925925925926 0.003125 0.017592592592592594
0 0.715625 0.2935185185185185 0.003125 0.014814814814814815
0 0.7255208333333333 0.29212962962962963 0.003125 0.017592592592592594
0 0.7325520833333333 0.28194444444444444 0.0036458333333333334 0.017592592592592594
0 0.6848958333333334 0.2740740740740741 0.003125 0.018518518518518517
0 0.6924479166666667 0.2810185185185185 0.0036458333333333334 0.017592592592592594
0 0.6796875 0.27314814814814814 0.004166666666666667 0.016666666666666666
0 0.6744791666666666 0.2662037037037037 0.004166666666666667 0.012037037037037037
0 0.5950520833333334 0.2439814814814815 0.0026041666666666665 0.013888888888888888
0 0.75 0.324537037037037 0.004166666666666667 0.017592592592592594
0 0.35625 0.24814814814814815 0.003125 0.014814814814814815
0 0.3484375 0.2652777777777778 0.003125 0.010185185185185186
0 0.3484375 0.26342592592592595 0.003125 0.012037037037037037
0 0.3609375 0.2564814814814815 0.0020833333333333333 0.012962962962962963
0 0.3651041666666667 0.25925925925925924 0.003125 0.016666666666666666
0 0.3640625 0.2574074074074074 0.003125 0.014814814814814815
0 0.26276041666666666 0.23425925925925925 0.0036458333333333334 0.012962962962962963
