0 0.8051470588235294 0.2738562091503268 0.010294117647058823 0.0457516339869281
0 0.8371323529411765 0.15490196078431373 0.011029411764705883 0.03790849673202614
0 0.8547794117647058 0.08431372549019608 0.008088235294117648 0.030065359477124184
0 0.8415441176470588 0.09019607843137255 0.006617647058823529 0.018300653594771243
0 0.6639705882352941 0.03725490196078431 0.007352941176470588 0.02483660130718954
0 0.6930147058823529 0.16339869281045752 0.011029411764705883 0.036601307189542485
0 0.7676470588235295 0.38823529411764707 0.011764705882352941 0.05751633986928104
0 0.7794117647058824 0.38758169934640524 0.011764705882352941 0.058823529411764705
0 0.5466911764705882 0.3359477124183007 0.009558823529411765 0.05228758169934641
0 0.42316176470588235 0.049019607843137254 0.008088235294117648 0.01699346405228758
0 0.45588235294117646 0.01437908496732026 0.004411764705882353 0.023529411764705882
0 0.5216911764705883 0.13725490196078433 0.006617647058823529 0.036601307189542485
0 0.5253676470588236 0.013725490196078431 0.003676470588235294 0.022222222222222223
0 0.4963235294117647 0.015032679738562092 0.0029411764705882353 0.0196078431372549
0 0.32683823529411765 0.08235294117647059 0.006617647058823529 0.03137254901960784
0 0.0838235294117647 0.1954248366013072 0.008823529411764706 0.040522875816993466
0 0.05220588235294118 0.2568627450980392 0.013235294117647059 0.05359477124183006
0 0.1650735294117647 0.2718954248366013 0.015441176470588236 0.05228758169934641
0 0.18308823529411763 0.27058823529411763 0.013235294117647059 0.04967320261437908
0 0.16397058823529412 0.5254901960784314 0.022058823529411766 0.08104575163398693
0 0.08823529411764706 0.4176470588235294 0.01764705882352941 0.0718954248366013
0 0.1025735294117647 0.43856209150326797 0.021323529411764706 0.07450980392156863
0 0.10551470588235294 0.40784313725490196 0.019852941176470587 0.06013071895424837
0 0.11654411764705883 0.41045751633986927 0.011029411764705883 0.06535947712418301
0 0.1150735294117647 0.4261437908496732 0.013970588235294118 0.07581699346405228
0 0.12242647058823529 0.4372549019607843 0.01838235294117647 0.0718954248366013
0 0.1610294117647059 0.39019607843137255 0.010294117647058823 0.05359477124183006
0 0.15661764705882353 0.38300653594771245 0.010294117647058823 0.05228758169934641
0 0.2613970588235294 0.28823529411764703 0.013970588235294118 0.06143790849673202
0 0.24669117647058825 0.28888888888888886 0.0125 0.05228758169934641
0 0.23088235294117648 0.2901960784313726 0.011764705882352941 0.054901960784313725
0 0.22683823529411765 0.28104575163398693 0.013970588235294118 0.04967320261437908
0 0.23823529411764705 0.27450980392156865 0.008823529411764706 0.04967320261437908
0 0.2485294117647059 0.2751633986928105 0.013235294117647059 0.048366013071895426
