0 0.06510416666666667 0.9601851851851851 0.025 0.07962962962962963
0 0.14427083333333332 0.8847222222222222 0.022916666666666665 0.09351851851851851
0 0.22942708333333334 0.7680555555555556 0.018229166666666668 0.06574074074074074
0 0.2955729166666667 0.8333333333333334 0.0171875 0.08518518518518518
0 0.30625 0.825 0.0125 0.08888888888888889
0 0.32395833333333335 0.8092592592592592 0.01875 0.07777777777777778
0 0.32916666666666666 0.7819444444444444 0.016666666666666666 0.0712962962962963
0 0.353125 0.7856481481481481 0.017708333333333333 0.0787037037037037
0 0.27760416666666665 0.7449074074074075 0.013541666666666667 0.06574074074074074
0 0.38046875 0.6675925925925926 0.011979166666666667 0.05
0 0.44973958333333336 0.7287037037037037 0.013020833333333334 0.053703703703703705
0 0.42239583333333336 0.7185185185185186 0.0125 0.05925925925925926
0 0.33619791666666665 0.6662037037037037 0.011979166666666667 0.05277777777777778
0 0.31614583333333335 0.6592592592592592 0.013541666666666667 0.04814814814814815
0 0.41744791666666664 0.6444444444444445 0.008854166666666666 0.046296296296296294
0 0.44895833333333335 0.6560185185185186 0.010416666666666666 0.04537037037037037
0 0.48203125 0.6027777777777777 0.0078125 0.02962962962962963
0 0.5971354166666667 0.5893518518518519 0.009895833333333333 0.03425925925925926
0 0.7052083333333333 0.6458333333333334 0.0125 0.03425925925925926
0 0.7106770833333333 0.6504629629629629 0.0109375 0.032407407407407406
0 0.7419270833333333 0.6439814814814815 0.015104166666666667 0.03796296296296296
0 0.7559895833333333 0.6388888888888888 0.009895833333333333 0.046296296296296294
0 0.7486979166666666 0.6365740740740741 0.009895833333333333 0.04722222222222222
0 0.88046875 0.825 0.0234375 0.07037037037037037
0 0.9908854166666666 0.8893518518518518 0.018229166666666668 0.062037037037037036
0 0.9888020833333333 0.8722222222222222 0.022395833333333334 0.08148148148148149
0 0.9747395833333333 0.8379629629629629 0.015104166666666667 0.07777777777777778
0 0.9890625 0.8347222222222223 0.016666666666666666 0.07314814814814814
0 0.94140625 0.6800925925925926 0.0203125 0.05277777777777778
0 0.8828125 0.6708333333333333 0.019791666666666666 0.03981481481481482
0 0.8018229166666667 0.6699074074074074 0.015104166666666667 0.05092592592592592
0 0.8138020833333334 0.6518518518518519 0.008854166666666666 0.044444444444444446
0 0.8013020833333333 0.6425925925925926 0.0109375 0.040740740740740744
0 0.8151041666666666 0.6398148148148148 0.009375 0.044444444444444446
0 0.7989583333333333 0.6361111111111111 0.010416666666666666 0.04814814814814815
0 0.7864583333333334 0.6375 0.010416666666666666 0.04351851851851852
0 0.6927083333333334 0.5944444444444444 0.007291666666666667 0.03518518518518519
0 0.6674479166666667 0.5523148148148148 0.0067708333333333336 0.028703703703703703
0 0.6734375 0.5185185185185185 0.005208333333333333 0.024074074074074074
0 0.66171875 0.5055555555555555 0.005729166666666666 0.020370370370370372
0 0.6377604166666667 0.49074074074074076 0.0046875 0.018518518518518517
0 0.64296875 0.49212962962962964 0.0046875 0.019444444444444445
0 0.6229166666666667 0.4875 0.005208333333333333 0.019444444444444445
0 0.6265625 0.4824074074074074 0.005208333333333333 0.020370370370370372
0 0.62109375 0.48148148148148145 0.0046875 0.016666666666666666
0 0.48802083333333335 0.5513888888888889 0.007291666666666667 0.026851851851851852
0 0.5166666666666667 0.5351851851851852 0.005208333333333333 0.020370370370370372
0 0.5098958333333333 0.5342592592592592 0.005208333333333333 0.016666666666666666
0 0.5239583333333333 0.5203703703703704 0.00625 0.018518518518518517
0 0.5111979166666667 0.5226851851851851 0.005729166666666666 0.025
0 0.3033854166666667 0.6319444444444444 0.0140625 0.049074074074074076
0 0.28046875 0.625 0.013020833333333334 0.037037037037037035
0 0.05390625 0.638425925925926 0.0140625 0.04537037037037037
0 0.07291666666666667 0.6101851851851852 0.0125 0.03333333333333333
0 0.11380208333333333 0.6143518518518518 0.011979166666666667 0.03981481481481482
0 0.09921875 0.5805555555555556 0.009895833333333333 0.027777777777777776
0 0.07786458333333333 0.575 0.008854166666666666 0.024074074074074074
0 0.17447916666666666 0.6013888888888889 0.010416666666666666 0.025
0 0.16223958333333333 0.5930555555555556 0.0109375 0.03425925925925926
0 0.0296875 0.6060185185185185 0.010416666666666666 0.03981481481481482
0 0.2625 0.5907407407407408 0.010416666666666666 0.03333333333333333
0 0.22447916666666667 0.5986111111111111 0.009375 0.03425925925925926
0 0.21041666666666667 0.5953703703703703 0.008333333333333333 0.037037037037037035
0 0.21484375 0.5796296296296296 0.008854166666666666 0.03518518518518519
0 0.20234375 0.5212962962962963 0.005729166666666666 0.025925925925925925
0 0.5458333333333333 0.5018518518518519 0.005208333333333333 0.016666666666666666
0 0.53984375 0.4930555555555556 0.0046875 0.01574074074074074
0 0.5497395833333333 0.49166666666666664 0.0046875 0.011111111111111112
