0 0.5154411764705882 0.06862745098039216 0.004411764705882353 0.01437908496732026
0 0.580514705882353 0.11437908496732026 0.003676470588235294 0.011764705882352941
0 0.5834558823529412 0.01699346405228758 0.003676470588235294 0.013071895424836602
0 0.5797794117647059 0.015032679738562092 0.005147058823529412 0.01437908496732026
0 0.5838235294117647 0.5379084967320261 0.004411764705882353 0.006535947712418301
0 0.5797794117647059 0.5934640522875817 0.005147058823529412 0.01045751633986928
0 0.5893382352941177 0.9058823529411765 0.003676470588235294 0.013071895424836602
0 0.4297794117647059 0.7954248366013071 0.006617647058823529 0.01437908496732026
0 0.41544117647058826 0.9098039215686274 0.004411764705882353 0.01045751633986928
0 0.07058823529411765 0.3045751633986928 0.008823529411764706 0.013071895424836602
0 0.06911764705882353 0.365359477124183 0.008823529411764706 0.011764705882352941
0 0.2099264705882353 0.08104575163398693 0.005147058823529412 0.01568627450980392
0 0.19926470588235295 0.023529411764705882 0.0058823529411764705 0.01568627450980392
0 0.37426470588235294 0.09542483660130718 0.004411764705882353 0.013071895424836602
0 0.42867647058823527 0.2627450980392157 0.0058823529411764705 0.013071895424836602
0 0.5305147058823529 0.33725490196078434 0.003676470588235294 0.01568627450980392
0 0.3922794117647059 0.17712418300653596 0.003676470588235294 0.011764705882352941
0 0.3452205882352941 0.18758169934640523 0.003676470588235294 0.011764705882352941
0 0.45955882352941174 0.5588235294117647 0.004411764705882353 0.011764705882352941
0 0.43823529411764706 0.5875816993464053 0.0058823529411764705 0.01699346405228758
0 0.44485294117647056 0.6176470588235294 0.004411764705882353 0.022222222222222223
0 0.3584558823529412 0.7973856209150327 0.005147058823529412 0.013071895424836602
0 0.3558823529411765 0.74640522875817 0.0058823529411764705 0.013071895424836602
0 0.3650735294117647 0.5006535947712418 0.003676470588235294 0.00784313725490196
0 0.3613970588235294 0.4980392156862745 0.003676470588235294 0.01045751633986928
0 0.4227941176470588 0.6261437908496732 0.004411764705882353 0.01045751633986928
0 0.3488970588235294 0.9130718954248366 0.003676470588235294 0.009150326797385621
0 0.36433823529411763 0.8941176470588236 0.005147058823529412 0.00784313725490196
0 0.36066176470588235 0.8986928104575164 0.003676470588235294 0.006535947712418301
0 0.3713235294117647 0.9339869281045752 0.004411764705882353 0.009150326797385621
0 0.35441176470588237 0.9464052287581699 0.0058823529411764705 0.00784313725490196
0 0.35404411764705884 0.9633986928104575 0.005147058823529412 0.01045751633986928
