0 0.26433823529411765 0.9797385620915032 0.025735294117647058 0.040522875816993466
0 0.5349264705882353 0.9490196078431372 0.021323529411764706 0.06013071895424837
0 0.7297794117647058 0.9522875816993464 0.027205882352941177 0.05620915032679739
0 0.9176470588235294 0.6222222222222222 0.01764705882352941 0.054901960784313725
0 0.5944852941176471 0.5 0.0125 0.05359477124183006
0 0.7080882352941177 0.47843137254901963 0.011764705882352941 0.044444444444444446
0 0.731985294117647 0.4019607843137255 0.009558823529411765 0.027450980392156862
0 0.7231617647058823 0.40326797385620916 0.008088235294117648 0.027450980392156862
0 0.7143382352941177 0.4019607843137255 0.009558823529411765 0.027450980392156862
0 0.6746323529411765 0.3784313725490196 0.008088235294117648 0.022222222222222223
0 0.6716911764705882 0.3941176470588235 0.0125 0.02483660130718954
0 0.6665441176470588 0.30522875816993467 0.009558823529411765 0.022222222222222223
0 0.6584558823529412 0.30980392156862746 0.008088235294117648 0.026143790849673203
0 0.6540441176470588 0.3254901960784314 0.008088235294117648 0.03137254901960784
0 0.6584558823529412 0.3836601307189543 0.011029411764705883 0.030065359477124184
0 0.6496323529411765 0.37777777777777777 0.009558823529411765 0.023529411764705882
0 0.6433823529411765 0.37254901960784315 0.008823529411764706 0.023529411764705882
0 0.6363970588235294 0.36209150326797385 0.009558823529411765 0.026143790849673203
0 0.631985294117647 0.3568627450980392 0.008088235294117648 0.023529411764705882
0 0.6323529411764706 0.32222222222222224 0.008823529411764706 0.032679738562091505
0 0.6231617647058824 0.3202614379084967 0.008088235294117648 0.026143790849673203
0 0.6154411764705883 0.3392156862745098 0.010294117647058823 0.027450980392156862
0 0.60625 0.3803921568627451 0.008088235294117648 0.044444444444444446
0 0.5834558823529412 0.4 0.009558823529411765 0.04183006535947712
0 0.5992647058823529 0.36666666666666664 0.007352941176470588 0.02483660130718954
0 0.5669117647058823 0.36209150326797385 0.008823529411764706 0.03137254901960784
0 0.5511029411764706 0.39215686274509803 0.011029411764705883 0.044444444444444446
0 0.5408088235294117 0.3588235294117647 0.008088235294117648 0.040522875816993466
0 0.5404411764705882 0.28888888888888886 0.008823529411764706 0.04183006535947712
0 0.5169117647058824 0.34183006535947713 0.007352941176470588 0.040522875816993466
0 0.5139705882352941 0.330718954248366 0.007352941176470588 0.036601307189542485
0 0.49779411764705883 0.31633986928104574 0.010294117647058823 0.04183006535947712
0 0.46801470588235294 0.234640522875817 0.005147058823529412 0.03790849673202614
0 0.48419117647058824 0.18823529411764706 0.006617647058823529 0.03398692810457516
0 0.4636029411764706 0.17516339869281045 0.006617647058823529 0.03137254901960784
0 0.4658088235294118 0.15098039215686274 0.003676470588235294 0.030065359477124184
0 0.5139705882352941 0.10326797385620914 0.008823529411764706 0.01568627450980392
0 0.43786764705882353 0.1261437908496732 0.005147058823529412 0.02483660130718954
0 0.4470588235294118 0.11241830065359477 0.004411764705882353 0.02875816993464052
0 0.4441176470588235 0.0673202614379085 0.004411764705882353 0.02483660130718954
0 0.42169117647058824 0.058823529411764705 0.005147058823529412 0.023529411764705882
0 0.4099264705882353 0.050980392156862744 0.003676470588235294 0.02091503267973856
0 0.41544117647058826 0.049019607843137254 0.004411764705882353 0.022222222222222223
0 0.4025735294117647 0.048366013071895426 0.003676470588235294 0.02091503267973856
0 0.40404411764705883 0.027450980392156862 0.003676470588235294 0.023529411764705882
0 0.4051470588235294 0.050980392156862744 0.0029411764705882353 0.01568627450980392
0 0.41102941176470587 0.0196078431372549 0.004411764705882353 0.02091503267973856
0 0.40183823529411766 0.01437908496732026 0.003676470588235294 0.02091503267973856
0 0.3709558823529412 0.06405228758169934 0.006617647058823529 0.026143790849673203
0 0.09632352941176471 0.5379084967320261 0.014705882352941176 0.05620915032679739
0 0.07536764705882353 0.45816993464052286 0.015441176470588236 0.05359477124183006
0 0.015441176470588236 0.4496732026143791 0.014705882352941176 0.054901960784313725
0 0.2727941176470588 0.4699346405228758 0.016176470588235296 0.048366013071895426
0 0.29154411764705884 0.396078431372549 0.008088235294117648 0.04967320261437908
0 0.15183823529411763 0.3934640522875817 0.009558823529411765 0.05751633986928104
0 0.17352941176470588 0.2673202614379085 0.010294117647058823 0.03790849673202614
0 0.20625 0.26209150326797387 0.008088235294117648 0.040522875816993466
0 0.21507352941176472 0.2549019607843137 0.011029411764705883 0.04183006535947712
0 0.2599264705882353 0.3130718954248366 0.009558823529411765 0.043137254901960784
0 0.2841911764705882 0.31633986928104574 0.006617647058823529 0.044444444444444446
0 0.33492647058823527 0.33986928104575165 0.009558823529411765 0.03398692810457516
0 0.28088235294117647 0.2718954248366013 0.010294117647058823 0.023529411764705882
0 0.2474264705882353 0.1588235294117647 0.006617647058823529 0.030065359477124184
0 0.24227941176470588 0.16209150326797386 0.005147058823529412 0.018300653594771243
0 0.3191176470588235 0.11960784313725491 0.007352941176470588 0.027450980392156862
0 0.33345588235294116 0.12810457516339868 0.006617647058823529 0.03137254901960784
0 0.3058823529411765 0.10718954248366012 0.0058823529411764705 0.026143790849673203
0 0.33897058823529413 0.04771241830065359 0.004411764705882353 0.0196078431372549
