0 0.03786764705882353 0.15555555555555556 0.011029411764705883 0.04183006535947712
0 0.10625 0.09607843137254903 0.008088235294117648 0.027450980392156862
0 0.11470588235294117 0.09477124183006536 0.010294117647058823 0.027450980392156862
0 0.19558823529411765 0.1300653594771242 0.010294117647058823 0.03529411764705882
0 0.19154411764705884 0.134640522875817 0.013970588235294118 0.04183006535947712
0 0.24705882352941178 0.050980392156862744 0.007352941176470588 0.03398692810457516
0 0.3492647058823529 0.0869281045751634 0.007352941176470588 0.03790849673202614
0 0.2827205882352941 0.23790849673202613 0.013970588235294118 0.04183006535947712
0 0.054411764705882354 0.8294117647058824 0.030882352941176472 0.058823529411764705
0 0.05477941176470588 0.7764705882352941 0.025735294117647058 0.06535947712418301
0 0.32683823529411765 0.7431372549019608 0.01838235294117647 0.050980392156862744
0 0.3426470588235294 0.7326797385620915 0.022058823529411766 0.058823529411764705
0 0.4974264705882353 0.884313725490196 0.013970588235294118 0.07973856209150326
0 0.49926470588235294 0.8601307189542484 0.029411764705882353 0.0784313725490196
0 0.4227941176470588 0.13725490196078433 0.008823529411764706 0.036601307189542485
0 0.32830882352941176 0.29477124183006537 0.019852941176470587 0.027450980392156862
0 0.7790441176470588 0.06339869281045751 0.009558823529411765 0.027450980392156862
0 0.7522058823529412 0.1287581699346405 0.008823529411764706 0.03790849673202614
0 0.7422794117647059 0.13202614379084968 0.006617647058823529 0.036601307189542485
0 0.7397058823529412 0.12679738562091503 0.010294117647058823 0.03398692810457516
0 0.7661764705882353 0.18627450980392157 0.008823529411764706 0.03790849673202614
0 0.7595588235294117 0.18496732026143792 0.008823529411764706 0.040522875816993466
0 0.7779411764705882 0.25947712418300656 0.011764705882352941 0.03529411764705882
0 0.7841911764705882 0.2607843137254902 0.008088235294117648 0.027450980392156862
0 0.7764705882352941 0.2601307189542484 0.004411764705882353 0.026143790849673203
0 0.7797794117647059 0.8359477124183007 0.025735294117647058 0.07450980392156863
0 0.9154411764705882 0.6934640522875817 0.01764705882352941 0.06666666666666667
0 0.9150735294117647 0.1287581699346405 0.009558823529411765 0.03529411764705882
0 0.9150735294117647 0.12352941176470589 0.0125 0.03790849673202614
