0 0.45955882352941174 0.9470588235294117 0.025 0.10065359477124183
0 0.5014705882352941 0.9516339869281045 0.01764705882352941 0.0784313725490196
0 0.5025735294117647 0.9300653594771242 0.022794117647058822 0.05359477124183006
0 0.8988970588235294 0.6274509803921569 0.021323529411764706 0.07581699346405228
0 0.7966911764705882 0.6444444444444445 0.016911764705882352 0.07581699346405228
0 0.9474264705882353 0.6183006535947713 0.01838235294117647 0.06535947712418301
0 0.9566176470588236 0.6143790849673203 0.01764705882352941 0.06797385620915032
0 0.9378676470588235 0.6163398692810458 0.015441176470588236 0.040522875816993466
0 0.9375 0.5895424836601307 0.01911764705882353 0.06535947712418301
0 0.9544117647058824 0.5941176470588235 0.014705882352941176 0.05359477124183006
0 0.9213235294117647 0.569281045751634 0.01764705882352941 0.06928104575163399
0 0.9143382352941176 0.5575163398692811 0.016911764705882352 0.06405228758169934
0 0.8926470588235295 0.5509803921568628 0.016176470588235296 0.06928104575163399
0 0.8047794117647059 0.5777777777777777 0.015441176470588236 0.06797385620915032
0 0.9099264705882353 0.530718954248366 0.019852941176470587 0.054901960784313725
0 0.8867647058823529 0.5333333333333333 0.013235294117647059 0.03398692810457516
0 0.8716911764705882 0.5424836601307189 0.01838235294117647 0.06013071895424837
0 0.81875 0.4888888888888889 0.015441176470588236 0.04967320261437908
0 0.7227941176470588 0.5359477124183006 0.013235294117647059 0.04967320261437908
0 0.6819852941176471 0.5320261437908497 0.013970588235294118 0.05228758169934641
0 0.6893382352941176 0.5202614379084968 0.015441176470588236 0.054901960784313725
0 0.6959558823529411 0.5313725490196078 0.009558823529411765 0.040522875816993466
0 0.7003676470588235 0.5084967320261438 0.009558823529411765 0.04183006535947712
0 0.6044117647058823 0.5300653594771242 0.014705882352941176 0.058823529411764705
0 0.79375 0.4568627450980392 0.0125 0.03790849673202614
0 0.8073529411764706 0.4516339869281046 0.014705882352941176 0.030065359477124184
0 0.7827205882352941 0.44901960784313727 0.013970588235294118 0.040522875816993466
0 0.7746323529411765 0.43790849673202614 0.0125 0.03398692810457516
0 0.7709558823529412 0.42549019607843136 0.009558823529411765 0.0457516339869281
0 0.8154411764705882 0.44509803921568625 0.008823529411764706 0.05359477124183006
0 0.7261029411764706 0.4150326797385621 0.0125 0.050980392156862744
0 0.7422794117647059 0.3718954248366013 0.011029411764705883 0.05359477124183006
0 0.8099264705882353 0.34444444444444444 0.013970588235294118 0.05359477124183006
0 0.8007352941176471 0.3137254901960784 0.013235294117647059 0.047058823529411764
0 0.7389705882352942 0.33398692810457514 0.010294117647058823 0.043137254901960784
0 0.7422794117647059 0.32745098039215687 0.008088235294117648 0.0457516339869281
0 0.7378676470588236 0.3026143790849673 0.008088235294117648 0.0457516339869281
0 0.7768382352941177 0.27320261437908494 0.008088235294117648 0.03398692810457516
0 0.7716911764705883 0.2679738562091503 0.011029411764705883 0.047058823529411764
0 0.6588235294117647 0.28888888888888886 0.010294117647058823 0.04183006535947712
0 0.544485294117647 0.40261437908496733 0.009558823529411765 0.05228758169934641
0 0.5518382352941177 0.3954248366013072 0.008088235294117648 0.050980392156862744
0 0.5536764705882353 0.38823529411764707 0.013235294117647059 0.047058823529411764
0 0.5720588235294117 0.37712418300653594 0.014705882352941176 0.043137254901960784
0 0.5205882352941177 0.2725490196078431 0.008823529411764706 0.040522875816993466
0 0.5283088235294118 0.2738562091503268 0.008088235294117648 0.03529411764705882
0 0.525 0.2718954248366013 0.0058823529411764705 0.02875816993464052
0 0.42720588235294116 0.6581699346405229 0.013235294117647059 0.06928104575163399
0 0.4345588235294118 0.64640522875817 0.011764705882352941 0.0718954248366013
0 0.4430147058823529 0.6418300653594772 0.009558823529411765 0.07058823529411765
0 0.4143382352941177 0.1477124183006536 0.006617647058823529 0.03137254901960784
0 0.5349264705882353 0.2111111111111111 0.008088235294117648 0.027450980392156862
0 0.5352941176470588 0.20588235294117646 0.008823529411764706 0.030065359477124184
0 0.5397058823529411 0.16405228758169935 0.0058823529411764705 0.02483660130718954
0 0.50625 0.14052287581699346 0.006617647058823529 0.027450980392156862
0 0.5349264705882353 0.12679738562091503 0.006617647058823529 0.026143790849673203
0 0.4886029411764706 0.054901960784313725 0.005147058823529412 0.02091503267973856
0 0.5452205882352941 0.11241830065359477 0.005147058823529412 0.02875816993464052
0 0.5433823529411764 0.10588235294117647 0.004411764705882353 0.013071895424836602
0 0.768014705882353 0.16470588235294117 0.005147058823529412 0.018300653594771243
0 0.7772058823529412 0.14640522875816994 0.007352941176470588 0.03137254901960784
0 0.9014705882352941 0.0392156862745098 0.008823529411764706 0.026143790849673203
0 0.9470588235294117 0.1 0.0058823529411764705 0.027450980392156862
0 0.9566176470588236 0.10196078431372549 0.007352941176470588 0.023529411764705882
0 0.9610294117647059 0.02483660130718954 0.0058823529411764705 0.02091503267973856
0 0.8716911764705882 0.09084967320261438 0.005147058823529412 0.027450980392156862
0 0.8713235294117647 0.08823529411764706 0.008823529411764706 0.027450980392156862
0 0.7613970588235294 0.02875816993464052 0.003676470588235294 0.02091503267973856
0 0.7003676470588235 0.07516339869281045 0.005147058823529412 0.02483660130718954
0 0.6963235294117647 0.058823529411764705 0.007352941176470588 0.023529411764705882
0 0.6808823529411765 0.07450980392156863 0.004411764705882353 0.01568627450980392
0 0.6856617647058824 0.07058823529411765 0.005147058823529412 0.026143790849673203
0 0.6889705882352941 0.0803921568627451 0.0058823529411764705 0.02483660130718954
0 0.5352941176470588 0.03790849673202614 0.0058823529411764705 0.023529411764705882
0 0.625 0.10915032679738562 0.0058823529411764705 0.027450980392156862
0 0.6176470588235294 0.12091503267973856 0.0058823529411764705 0.030065359477124184
0 0.5724264705882353 0.0457516339869281 0.028676470588235293 0.023529411764705882
0 0.6036764705882353 0.10065359477124183 0.0058823529411764705 0.02091503267973856
0 0.5966911764705882 0.0934640522875817 0.005147058823529412 0.022222222222222223
0 0.6352941176470588 0.10980392156862745 0.0058823529411764705 0.026143790849673203
0 0.6496323529411765 0.09542483660130718 0.005147058823529412 0.02091503267973856
