0 0.2760416666666667 0.32222222222222224 0.00625 0.025925925925925925
0 0.18541666666666667 0.4046296296296296 0.00625 0.027777777777777776
0 0.99375 0.43703703703703706 0.0125 0.03333333333333333
0 0.9770833333333333 0.42592592592592593 0.008333333333333333 0.02962962962962963
0 0.696875 0.33796296296296297 0.004166666666666667 0.016666666666666666
0 0.7484375 0.3296296296296296 0.007291666666666667 0.02962962962962963
0 0.6885416666666667 0.32314814814814813 0.008333333333333333 0.016666666666666666
0 0.6848958333333334 0.3101851851851852 0.005208333333333333 0.024074074074074074
0 0.6828125 0.31666666666666665 0.007291666666666667 0.014814814814814815
0 0.575 0.19166666666666668 0.004166666666666667 0.020370370370370372
0 0.578125 0.19074074074074074 0.0020833333333333333 0.014814814814814815
0 0.41510416666666666 0.9277777777777778 0.013541666666666667 0.044444444444444446
0 0.4171875 0.9277777777777778 0.013541666666666667 0.04814814814814815
0 0.3729166666666667 0.4666666666666667 0.010416666666666666 0.02962962962962963
0 0.359375 0.46944444444444444 0.010416666666666666 0.03148148148148148
0 0.3229166666666667 0.38796296296296295 0.008333333333333333 0.024074074074074074
0 0.5354166666666667 0.3861111111111111 0.00625 0.027777777777777776
0 0.5354166666666667 0.3638888888888889 0.004166666666666667 0.027777777777777776
0 0.3854166666666667 0.29444444444444445 0.004166666666666667 0.018518518518518517
0 0.3921875 0.2675925925925926 0.003125 0.016666666666666666
0 0.3223958333333333 0.21851851851851853 0.003125 0.018518518518518517
0 0.38125 0.2064814814814815 0.004166666666666667 0.009259259259259259
0 0.3921875 0.20185185185185187 0.005208333333333333 0.011111111111111112
