0 0.6691176470588235 0.9019607843137255 0.013235294117647059 0.07581699346405228
0 0.6639705882352941 0.8830065359477124 0.014705882352941176 0.07450980392156863
0 0.8794117647058823 0.6104575163398693 0.014705882352941176 0.054901960784313725
0 0.11654411764705883 0.8816993464052287 0.022794117647058822 0.08235294117647059
0 0.8154411764705882 0.5836601307189543 0.007352941176470588 0.050980392156862744
0 0.8272058823529411 0.5797385620915033 0.014705882352941176 0.050980392156862744
0 0.7702205882352942 0.6091503267973856 0.013970588235294118 0.04183006535947712
0 0.631985294117647 0.42549019607843136 0.006617647058823529 0.027450980392156862
0 0.6834558823529412 0.40784313725490196 0.008088235294117648 0.03137254901960784
0 0.6172794117647059 0.330718954248366 0.005147058823529412 0.02875816993464052
0 0.5801470588235295 0.2549019607843137 0.004411764705882353 0.01568627450980392
0 0.5169117647058824 0.23333333333333334 0.004411764705882353 0.022222222222222223
0 0.5275735294117647 0.20980392156862746 0.003676470588235294 0.01437908496732026
0 0.5202205882352942 0.2150326797385621 0.003676470588235294 0.011764705882352941
0 0.4672794117647059 0.19281045751633988 0.003676470588235294 0.009150326797385621
0 0.4117647058823529 0.32745098039215687 0.007352941176470588 0.030065359477124184
0 0.38933823529411765 0.38562091503267976 0.008088235294117648 0.02875816993464052
