0 0.07683823529411765 0.45751633986928103 0.009558823529411765 0.01045751633986928
0 0.26691176470588235 0.050980392156862744 0.0058823529411764705 0.018300653594771243
0 0.2621323529411765 0.049019607843137254 0.006617647058823529 0.01437908496732026
0 0.25 0.11045751633986928 0.007352941176470588 0.01699346405228758
0 0.25073529411764706 0.7830065359477124 0.004411764705882353 0.01045751633986928
0 0.3011029411764706 0.865359477124183 0.005147058823529412 0.00784313725490196
0 0.3003676470588235 0.8738562091503268 0.006617647058823529 0.009150326797385621
0 0.5819852941176471 0.9470588235294117 0.005147058823529412 0.011764705882352941
0 0.5764705882352941 0.9424836601307189 0.004411764705882353 0.01045751633986928
0 0.5569852941176471 0.934640522875817 0.005147058823529412 0.01045751633986928
0 0.5602941176470588 0.9483660130718954 0.004411764705882353 0.01437908496732026
0 0.5915441176470588 0.8588235294117647 0.003676470588235294 0.01045751633986928
0 0.49779411764705883 0.8954248366013072 0.0058823529411764705 0.013071895424836602
0 0.50625 0.6209150326797386 0.006617647058823529 0.01045751633986928
0 0.4511029411764706 0.677124183006536 0.005147058823529412 0.01045751633986928
0 0.9367647058823529 0.36666666666666664 0.008823529411764706 0.006535947712418301
0 0.5367647058823529 0.8699346405228758 0.0058823529411764705 0.01437908496732026
0 0.5411764705882353 0.8705882352941177 0.0058823529411764705 0.013071895424836602
0 0.4801470588235294 0.8058823529411765 0.0058823529411764705 0.011764705882352941
0 0.45441176470588235 0.8313725490196079 0.007352941176470588 0.013071895424836602
0 0.45441176470588235 0.5633986928104575 0.007352941176470588 0.01045751633986928
0 0.4768382352941177 0.5882352941176471 0.015441176470588236 0.06274509803921569
0 0.45441176470588235 0.3915032679738562 0.0058823529411764705 0.011764705882352941
0 0.4672794117647059 0.3633986928104575 0.003676470588235294 0.013071895424836602
0 0.37941176470588234 0.3254901960784314 0.0058823529411764705 0.013071895424836602
0 0.5169117647058824 0.2169934640522876 0.004411764705882353 0.013071895424836602
0 0.5224264705882353 0.21764705882352942 0.005147058823529412 0.011764705882352941
0 0.5305147058823529 0.21764705882352942 0.006617647058823529 0.01699346405228758
0 0.5698529411764706 0.17450980392156862 0.004411764705882353 0.01437908496732026
0 0.51875 0.034640522875816995 0.005147058823529412 0.01437908496732026
0 0.3683823529411765 0.49019607843137253 0.004411764705882353 0.013071895424836602
0 0.5933823529411765 0.38562091503267976 0.011764705882352941 0.01045751633986928
0 0.5948529411764706 0.39738562091503266 0.011764705882352941 0.01045751633986928
0 0.5911764705882353 0.4366013071895425 0.007352941176470588 0.01045751633986928
