0 0.16544117647058823 0.2954248366013072 0.013235294117647059 0.047058823529411764
0 0.13713235294117648 0.5509803921568628 0.016911764705882352 0.06143790849673202
0 0.2797794117647059 0.4019607843137255 0.0125 0.043137254901960784
0 0.3261029411764706 0.28954248366013075 0.006617647058823529 0.022222222222222223
0 0.6941176470588235 0.18627450980392157 0.0058823529411764705 0.032679738562091505
0 0.7180147058823529 0.23398692810457516 0.008088235294117648 0.03137254901960784
0 0.7150735294117647 0.27647058823529413 0.005147058823529412 0.040522875816993466
0 0.9198529411764705 0.7032679738562092 0.016176470588235296 0.07320261437908497
0 0.9386029411764706 0.7104575163398693 0.011029411764705883 0.043137254901960784
0 0.9533088235294118 0.7084967320261438 0.01838235294117647 0.06535947712418301
0 0.9761029411764706 0.7633986928104575 0.016911764705882352 0.06535947712418301
0 0.9871323529411765 0.7326797385620915 0.0125 0.050980392156862744
0 0.19117647058823528 0.25098039215686274 0.008823529411764706 0.036601307189542485
0 0.21580882352941178 0.25947712418300656 0.006617647058823529 0.027450980392156862
0 0.22279411764705884 0.2503267973856209 0.008823529411764706 0.03529411764705882
