0 0.9319852941176471 0.7124183006535948 0.015441176470588236 0.05228758169934641
0 0.881985294117647 0.43137254901960786 0.008088235294117648 0.03398692810457516
0 0.9088235294117647 0.42549019607843136 0.013235294117647059 0.03529411764705882
0 0.8845588235294117 0.41568627450980394 0.008823529411764706 0.03398692810457516
0 0.9922794117647059 0.9424836601307189 0.015441176470588236 0.036601307189542485
0 0.9911764705882353 0.9281045751633987 0.01764705882352941 0.0392156862745098
0 0.19522058823529412 0.47908496732026146 0.011029411764705883 0.032679738562091505
0 0.1474264705882353 0.4973856209150327 0.0125 0.040522875816993466
0 0.14705882352941177 0.49019607843137253 0.008823529411764706 0.02875816993464052
0 0.1577205882352941 0.45359477124183006 0.013970588235294118 0.036601307189542485
0 0.14227941176470588 0.465359477124183 0.0125 0.044444444444444446
0 0.027205882352941177 0.38758169934640524 0.010294117647058823 0.043137254901960784
0 0.028308823529411765 0.373202614379085 0.0125 0.03529411764705882
0 0.06838235294117648 0.2803921568627451 0.007352941176470588 0.030065359477124184
0 0.12867647058823528 0.19869281045751633 0.007352941176470588 0.026143790849673203
0 0.12095588235294118 0.15163398692810456 0.006617647058823529 0.023529411764705882
0 0.11470588235294117 0.1522875816993464 0.0058823529411764705 0.022222222222222223
0 0.03308823529411765 0.2084967320261438 0.007352941176470588 0.02483660130718954
0 0.026838235294117645 0.21176470588235294 0.006617647058823529 0.02875816993464052
0 0.19338235294117648 0.1450980392156863 0.004411764705882353 0.013071895424836602
0 0.20955882352941177 0.17058823529411765 0.0058823529411764705 0.01699346405228758
0 0.21066176470588235 0.12745098039215685 0.005147058823529412 0.01437908496732026
0 0.22169117647058822 0.01699346405228758 0.0022058823529411764 0.00784313725490196
0 0.2838235294117647 0.046405228758169936 0.0029411764705882353 0.011764705882352941
0 0.3003676470588235 0.09869281045751634 0.003676470588235294 0.01437908496732026
0 0.36176470588235293 0.13529411764705881 0.004411764705882353 0.0196078431372549
0 0.36176470588235293 0.1261437908496732 0.004411764705882353 0.01699346405228758
0 0.3382352941176471 0.10261437908496732 0.0029411764705882353 0.011764705882352941
0 0.3386029411764706 0.10065359477124183 0.003676470588235294 0.013071895424836602
0 0.3573529411764706 0.17516339869281045 0.004411764705882353 0.013071895424836602
0 0.3551470588235294 0.16732026143790849 0.004411764705882353 0.018300653594771243
0 0.6566176470588235 0.403921568627451 0.007352941176470588 0.036601307189542485
0 0.7345588235294118 0.4392156862745098 0.007352941176470588 0.036601307189542485
