0 0.05 0.48104575163398694 0.023529411764705882 0.05751633986928104
0 0.03125 0.46339869281045754 0.022794117647058822 0.06143790849673202
0 0.05110294117647059 0.41830065359477125 0.019852941176470587 0.03137254901960784
0 0.06323529411764706 0.3686274509803922 0.014705882352941176 0.05751633986928104
0 0.04522058823529412 0.36993464052287583 0.01838235294117647 0.0392156862745098
0 0.040808823529411765 0.36405228758169933 0.021323529411764706 0.03790849673202614
0 0.046691176470588236 0.3562091503267974 0.022794117647058822 0.032679738562091505
0 0.13897058823529412 0.4326797385620915 0.016176470588235296 0.0392156862745098
0 0.12205882352941176 0.11045751633986928 0.016176470588235296 0.03529411764705882
0 0.13198529411764706 0.10196078431372549 0.0125 0.0392156862745098
0 0.30183823529411763 0.7529411764705882 0.02426470588235294 0.08104575163398693
0 0.3352941176470588 0.6372549019607843 0.020588235294117647 0.06143790849673202
0 0.20477941176470588 0.5555555555555556 0.019852941176470587 0.06013071895424837
0 0.8069852941176471 0.9313725490196079 0.016911764705882352 0.06405228758169934
0 0.8128676470588235 0.8816993464052287 0.025735294117647058 0.09281045751633987
0 0.7731617647058824 0.8568627450980392 0.019852941176470587 0.08235294117647059
0 0.6441176470588236 0.8379084967320262 0.027941176470588237 0.09673202614379085
0 0.8139705882352941 0.6601307189542484 0.020588235294117647 0.08627450980392157
0 0.9113970588235294 0.7124183006535948 0.02426470588235294 0.05751633986928104
0 0.7110294117647059 0.5130718954248366 0.01911764705882353 0.07450980392156863
0 0.75 0.4111111111111111 0.013235294117647059 0.03790849673202614
0 0.6757352941176471 0.3633986928104575 0.013235294117647059 0.04183006535947712
0 0.6419117647058824 0.3607843137254902 0.016176470588235296 0.04183006535947712
0 0.6084558823529411 0.3483660130718954 0.013970588235294118 0.03790849673202614
0 0.7051470588235295 0.35751633986928105 0.011764705882352941 0.032679738562091505
0 0.680514705882353 0.3509803921568627 0.011029411764705883 0.03529411764705882
0 0.15808823529411764 0.27712418300653596 0.014705882352941176 0.04967320261437908
0 0.14926470588235294 0.27908496732026145 0.010294117647058823 0.03790849673202614
0 0.3154411764705882 0.3352941176470588 0.01764705882352941 0.050980392156862744
0 0.45625 0.2633986928104575 0.013970588235294118 0.043137254901960784
0 0.42573529411764705 0.2196078431372549 0.011764705882352941 0.03398692810457516
0 0.4077205882352941 0.1784313725490196 0.0125 0.03790849673202614
0 0.38933823529411765 0.14836601307189543 0.011029411764705883 0.03529411764705882
0 0.3911764705882353 0.2130718954248366 0.011764705882352941 0.02875816993464052
0 0.3110294117647059 0.1758169934640523 0.008823529411764706 0.027450980392156862
0 0.2977941176470588 0.16339869281045752 0.008823529411764706 0.02875816993464052
0 0.3044117647058823 0.1 0.008823529411764706 0.027450980392156862
0 0.4308823529411765 0.29673202614379085 0.014705882352941176 0.03398692810457516
0 0.425 0.2934640522875817 0.014705882352941176 0.032679738562091505
0 0.3654411764705882 0.049019607843137254 0.007352941176470588 0.027450980392156862
0 0.47316176470588234 0.12941176470588237 0.006617647058823529 0.03398692810457516
0 0.4860294117647059 0.12745098039215685 0.007352941176470588 0.03790849673202614
0 0.4919117647058823 0.12026143790849673 0.007352941176470588 0.036601307189542485
0 0.5316176470588235 0.1588235294117647 0.008823529411764706 0.032679738562091505
0 0.5408088235294117 0.16797385620915034 0.008088235294117648 0.02483660130718954
