0 0.07316176470588236 0.05947712418300653 0.008088235294117648 0.032679738562091505
0 0.06323529411764706 0.06013071895424837 0.007352941176470588 0.03137254901960784
0 0.05808823529411765 0.06862745098039216 0.008823529411764706 0.027450980392156862
0 0.10551470588235294 0.038562091503267976 0.006617647058823529 0.022222222222222223
0 0.1161764705882353 0.020261437908496733 0.007352941176470588 0.027450980392156862
0 0.10147058823529412 0.022222222222222223 0.004411764705882353 0.013071895424836602
0 0.09816176470588235 0.01895424836601307 0.003676470588235294 0.022222222222222223
0 0.15955882352941175 0.0784313725490196 0.0058823529411764705 0.03137254901960784
0 0.24227941176470588 0.20130718954248367 0.0125 0.04183006535947712
0 0.04411764705882353 0.1477124183006536 0.007352941176470588 0.0392156862745098
0 0.03602941176470588 0.1503267973856209 0.008823529411764706 0.0392156862745098
0 0.2698529411764706 0.10784313725490197 0.008823529411764706 0.030065359477124184
0 0.29558823529411765 0.09934640522875816 0.007352941176470588 0.03398692810457516
0 0.3040441176470588 0.09738562091503268 0.006617647058823529 0.032679738562091505
0 0.3154411764705882 0.09542483660130718 0.0058823529411764705 0.03137254901960784
0 0.3176470588235294 0.09019607843137255 0.0058823529411764705 0.03398692810457516
0 0.33345588235294116 0.0915032679738562 0.006617647058823529 0.03137254901960784
0 0.3613970588235294 0.09084967320261438 0.005147058823529412 0.02483660130718954
0 0.37683823529411764 0.09084967320261438 0.005147058823529412 0.030065359477124184
0 0.3948529411764706 0.0803921568627451 0.004411764705882353 0.02483660130718954
0 0.4 0.0803921568627451 0.004411764705882353 0.027450980392156862
0 0.4025735294117647 0.07973856209150326 0.005147058823529412 0.023529411764705882
0 0.2801470588235294 0.17450980392156862 0.007352941176470588 0.03790849673202614
0 0.27794117647058825 0.17124183006535948 0.004411764705882353 0.023529411764705882
0 0.2727941176470588 0.2111111111111111 0.010294117647058823 0.03790849673202614
0 0.40955882352941175 0.0915032679738562 0.0058823529411764705 0.02875816993464052
0 0.4496323529411765 0.08954248366013072 0.005147058823529412 0.02483660130718954
0 0.6224264705882353 0.058823529411764705 0.005147058823529412 0.02875816993464052
0 0.6169117647058824 0.06013071895424837 0.004411764705882353 0.026143790849673203
0 0.6113970588235295 0.058823529411764705 0.005147058823529412 0.02875816993464052
0 0.6841911764705882 0.047058823529411764 0.005147058823529412 0.026143790849673203
0 0.5308823529411765 0.052941176470588235 0.004411764705882353 0.02483660130718954
0 0.5389705882352941 0.0542483660130719 0.004411764705882353 0.02483660130718954
0 0.5352941176470588 0.0542483660130719 0.004411764705882353 0.027450980392156862
0 0.8466911764705882 0.3281045751633987 0.009558823529411765 0.04967320261437908
0 0.8272058823529411 0.3209150326797386 0.013235294117647059 0.050980392156862744
0 0.7069852941176471 0.25947712418300656 0.008088235294117648 0.040522875816993466
0 0.6279411764705882 0.19673202614379084 0.010294117647058823 0.040522875816993466
0 0.7360294117647059 0.257516339869281 0.008823529411764706 0.044444444444444446
0 0.7522058823529412 0.27450980392156865 0.008823529411764706 0.044444444444444446
0 0.743014705882353 0.2699346405228758 0.008088235294117648 0.032679738562091505
0 0.4753676470588235 0.05032679738562092 0.008088235294117648 0.027450980392156862
0 0.4889705882352941 0.0542483660130719 0.004411764705882353 0.027450980392156862
0 0.4944852941176471 0.05032679738562092 0.005147058823529412 0.02483660130718954
0 0.4834558823529412 0.054901960784313725 0.003676470588235294 0.026143790849673203
0 0.4922794117647059 0.05620915032679739 0.003676470588235294 0.026143790849673203
0 0.675 0.04771241830065359 0.0058823529411764705 0.01699346405228758
0 0.6926470588235294 0.05032679738562092 0.0058823529411764705 0.01699346405228758
0 0.7003676470588235 0.21568627450980393 0.008088235294117648 0.02091503267973856
0 0.6911764705882353 0.21830065359477124 0.007352941176470588 0.02875816993464052
0 0.6768382352941177 0.21372549019607842 0.008088235294117648 0.030065359477124184
0 0.6602941176470588 0.2065359477124183 0.007352941176470588 0.02875816993464052
0 0.6669117647058823 0.2111111111111111 0.007352941176470588 0.030065359477124184
0 0.6569852941176471 0.17516339869281045 0.008088235294117648 0.036601307189542485
0 0.6665441176470588 0.17124183006535948 0.008088235294117648 0.036601307189542485
0 0.6808823529411765 0.17320261437908496 0.007352941176470588 0.030065359477124184
0 0.6919117647058823 0.16013071895424835 0.007352941176470588 0.030065359477124184
0 0.6955882352941176 0.1627450980392157 0.007352941176470588 0.030065359477124184
0 0.80625 0.19607843137254902 0.008088235294117648 0.04183006535947712
0 0.8125 0.19477124183006536 0.008823529411764706 0.04183006535947712
0 0.8220588235294117 0.20130718954248367 0.008823529411764706 0.04183006535947712
0 0.7125 0.1869281045751634 0.0058823529411764705 0.036601307189542485
