0 0.06213235294117647 0.9620915032679739 0.030147058823529412 0.07581699346405228
0 0.33639705882352944 0.4699346405228758 0.008088235294117648 0.058823529411764705
0 0.38419117647058826 0.4522875816993464 0.011029411764705883 0.054901960784313725
0 0.39301470588235293 0.45098039215686275 0.0125 0.054901960784313725
0 0.3915441176470588 0.46862745098039216 0.0125 0.058823529411764705
0 0.42573529411764705 0.3026143790849673 0.007352941176470588 0.043137254901960784
0 0.42830882352941174 0.2627450980392157 0.005147058823529412 0.036601307189542485
0 0.43161764705882355 0.2607843137254902 0.0058823529411764705 0.03790849673202614
0 0.4602941176470588 0.17712418300653596 0.0058823529411764705 0.0196078431372549
0 0.4522058823529412 0.15751633986928104 0.0029411764705882353 0.01437908496732026
0 0.5 0.1542483660130719 0.004411764705882353 0.018300653594771243
0 0.49411764705882355 0.11764705882352941 0.0029411764705882353 0.018300653594771243
0 0.44338235294117645 0.10915032679738562 0.0029411764705882353 0.01437908496732026
0 0.5882352941176471 0.1980392156862745 0.004411764705882353 0.027450980392156862
0 0.5981617647058823 0.19607843137254902 0.003676470588235294 0.023529411764705882
0 0.6536764705882353 0.2797385620915033 0.004411764705882353 0.026143790849673203
0 0.6294117647058823 0.28169934640522876 0.0058823529411764705 0.03790849673202614
