0 0.24192708333333332 0.9782407407407407 0.019270833333333334 0.04351851851851852
0 0.44088541666666664 0.6671296296296296 0.008854166666666666 0.026851851851851852
0 0.5020833333333333 0.6824074074074075 0.007291666666666667 0.025925925925925925
0 0.4513020833333333 0.5810185185185185 0.0067708333333333336 0.017592592592592594
0 0.44765625 0.5398148148148149 0.005729166666666666 0.016666666666666666
0 0.4510416666666667 0.45416666666666666 0.005208333333333333 0.013888888888888888
0 0.4796875 0.475462962962963 0.005208333333333333 0.013888888888888888
0 0.47317708333333336 0.4476851851851852 0.0036458333333333334 0.013888888888888888
0 0.5169270833333334 0.5398148148148149 0.0036458333333333334 0.012962962962962963
0 0.4625 0.5226851851851851 0.005208333333333333 0.013888888888888888
0 0.4315104166666667 0.6435185185185185 0.009895833333333333 0.025925925925925925
0 0.5140625 0.6986111111111111 0.008333333333333333 0.021296296296296296
0 0.5140625 0.6902777777777778 0.010416666666666666 0.028703703703703703
0 0.4317708333333333 0.6398148148148148 0.008333333333333333 0.027777777777777776
0 0.4625 0.5217592592592593 0.005208333333333333 0.01574074074074074
0 0.4627604166666667 0.4634259259259259 0.005729166666666666 0.01574074074074074
0 0.4627604166666667 0.4648148148148148 0.0036458333333333334 0.020370370370370372
0 0.46328125 0.4236111111111111 0.0046875 0.012037037037037037
0 0.45364583333333336 0.41388888888888886 0.005208333333333333 0.007407407407407408
0 0.5036458333333333 0.5472222222222223 0.005208333333333333 0.014814814814814815
0 0.4315104166666667 0.7236111111111111 0.0078125 0.01574074074074074
0 0.425 0.9185185185185185 0.014583333333333334 0.04259259259259259
0 0.43333333333333335 0.9157407407407407 0.013541666666666667 0.046296296296296294
0 0.4427083333333333 0.9171296296296296 0.015625 0.05277777777777778
0 0.4315104166666667 0.5347222222222222 0.0078125 0.017592592592592594
0 0.5192708333333333 0.8976851851851851 0.010416666666666666 0.030555555555555555
0 0.5182291666666666 0.8833333333333333 0.011458333333333333 0.03333333333333333
0 0.41432291666666665 0.6907407407407408 0.008854166666666666 0.022222222222222223
0 0.5260416666666666 0.6842592592592592 0.008333333333333333 0.046296296296296294
0 0.5330729166666667 0.6842592592592592 0.0078125 0.03888888888888889
0 0.5234375 0.5925925925925926 0.008333333333333333 0.03518518518518519
0 0.4361979166666667 0.46064814814814814 0.005729166666666666 0.025
0 0.4421875 0.45787037037037037 0.00625 0.026851851851851852
0 0.66640625 0.46435185185185185 0.005729166666666666 0.023148148148148147
0 0.7216145833333333 0.48935185185185187 0.0067708333333333336 0.025
0 0.64609375 0.8083333333333333 0.0078125 0.025925925925925925
