0 0.4113970588235294 0.1326797385620915 0.006617647058823529 0.032679738562091505
0 0.3720588235294118 0.10261437908496732 0.0058823529411764705 0.02483660130718954
0 0.2125 0.03790849673202614 0.0058823529411764705 0.026143790849673203
0 0.22536764705882353 0.09673202614379085 0.006617647058823529 0.026143790849673203
0 0.2698529411764706 0.016339869281045753 0.004411764705882353 0.01437908496732026
0 0.4022058823529412 0.09607843137254903 0.007352941176470588 0.027450980392156862
0 0.3713235294117647 0.08954248366013072 0.0058823529411764705 0.01699346405228758
0 0.36433823529411763 0.08169934640522876 0.005147058823529412 0.027450980392156862
0 0.36176470588235293 0.08104575163398693 0.004411764705882353 0.023529411764705882
0 0.35919117647058824 0.06862745098039216 0.005147058823529412 0.027450980392156862
0 0.37022058823529413 0.16209150326797386 0.005147058823529412 0.023529411764705882
0 0.3665441176470588 0.15816993464052287 0.005147058823529412 0.018300653594771243
0 0.34816176470588234 0.32287581699346407 0.008088235294117648 0.018300653594771243
0 0.3477941176470588 0.31633986928104574 0.010294117647058823 0.02875816993464052
0 0.20183823529411765 0.38235294117647056 0.0125 0.03790849673202614
0 0.2235294117647059 0.23137254901960785 0.010294117647058823 0.044444444444444446
0 0.8231617647058823 0.9764705882352941 0.009558823529411765 0.047058823529411764
0 0.8110294117647059 0.9686274509803922 0.023529411764705882 0.06274509803921569
0 0.8 0.7758169934640523 0.023529411764705882 0.043137254901960784
0 0.8400735294117647 0.7019607843137254 0.027205882352941177 0.06274509803921569
0 0.9761029411764706 0.4477124183006536 0.009558823529411765 0.040522875816993466
0 0.7613970588235294 0.14444444444444443 0.008088235294117648 0.032679738562091505
0 0.580514705882353 0.17973856209150327 0.005147058823529412 0.032679738562091505
0 0.29816176470588235 0.6627450980392157 0.0125 0.05751633986928104
0 0.45441176470588235 0.7359477124183007 0.01764705882352941 0.047058823529411764
0 0.4602941176470588 0.7215686274509804 0.01911764705882353 0.07058823529411765
0 0.15 0.6620915032679738 0.022058823529411766 0.07973856209150326
0 0.14301470588235293 0.6928104575163399 0.021323529411764706 0.07320261437908497
0 0.12058823529411765 0.7 0.01911764705882353 0.07712418300653595
0 0.10551470588235294 0.6934640522875817 0.015441176470588236 0.07712418300653595
0 0.1400735294117647 0.6758169934640523 0.022794117647058822 0.07058823529411765
0 0.13272058823529412 0.7084967320261438 0.015441176470588236 0.05228758169934641
0 0.1488970588235294 0.6483660130718955 0.019852941176470587 0.044444444444444446
0 0.6125 0.4065359477124183 0.016176470588235296 0.0392156862745098
0 0.6882352941176471 0.545751633986928 0.01911764705882353 0.048366013071895426
0 0.6110294117647059 0.5366013071895425 0.016176470588235296 0.0718954248366013
0 0.6194852941176471 0.4843137254901961 0.013970588235294118 0.06143790849673202
