0 0.6727941176470589 0.8516339869281045 0.023529411764705882 0.08235294117647059
0 0.6691176470588235 0.838562091503268 0.022058823529411766 0.06666666666666667
0 0.6588235294117647 0.9718954248366013 0.029411764705882353 0.05620915032679739
0 0.2036764705882353 0.7823529411764706 0.014705882352941176 0.07712418300653595
0 0.17169117647058824 0.7673202614379085 0.02426470588235294 0.08366013071895424
0 0.16838235294117648 0.7503267973856209 0.011764705882352941 0.02875816993464052
0 0.07169117647058823 0.7797385620915033 0.02426470588235294 0.07973856209150326
0 0.16176470588235295 0.7124183006535948 0.01911764705882353 0.07320261437908497
0 0.7566176470588235 0.49869281045751634 0.014705882352941176 0.058823529411764705
0 0.7691176470588236 0.4843137254901961 0.013235294117647059 0.06666666666666667
0 0.7393382352941177 0.43071895424836604 0.0125 0.027450980392156862
0 0.7496323529411765 0.43333333333333335 0.008088235294117648 0.022222222222222223
0 0.7455882352941177 0.42549019607843136 0.008823529411764706 0.022222222222222223
0 0.35955882352941176 0.2496732026143791 0.007352941176470588 0.047058823529411764
0 0.3665441176470588 0.24836601307189543 0.006617647058823529 0.044444444444444446
0 0.3761029411764706 0.25098039215686274 0.006617647058823529 0.044444444444444446
0 0.48125 0.2503267973856209 0.011029411764705883 0.03529411764705882
0 0.5040441176470588 0.14901960784313725 0.006617647058823529 0.02875816993464052
0 0.46286764705882355 0.16862745098039217 0.008088235294117648 0.026143790849673203
0 0.44926470588235295 0.16993464052287582 0.010294117647058823 0.026143790849673203
0 0.47095588235294117 0.1326797385620915 0.008088235294117648 0.027450980392156862
0 0.26286764705882354 0.18627450980392157 0.011029411764705883 0.040522875816993466
0 0.2702205882352941 0.1065359477124183 0.008088235294117648 0.032679738562091505
0 0.3922794117647059 0.03529411764705882 0.005147058823529412 0.02091503267973856
