0 0.44338235294117645 0.43071895424836604 0.010294117647058823 0.02483660130718954
0 0.5363970588235294 0.9516339869281045 0.013970588235294118 0.0392156862745098
0 0.41875 0.1784313725490196 0.005147058823529412 0.032679738562091505
0 0.4253676470588235 0.17647058823529413 0.006617647058823529 0.03398692810457516
0 0.46286764705882355 0.07973856209150326 0.003676470588235294 0.018300653594771243
0 0.46433823529411766 0.07516339869281045 0.003676470588235294 0.01699346405228758
0 0.47205882352941175 0.025490196078431372 0.0029411764705882353 0.01699346405228758
0 0.7132352941176471 0.09934640522875816 0.004411764705882353 0.02091503267973856
0 0.944485294117647 0.16862745098039217 0.006617647058823529 0.023529411764705882
0 0.9845588235294118 0.2196078431372549 0.007352941176470588 0.023529411764705882
0 0.8452205882352941 0.4320261437908497 0.008088235294117648 0.03529411764705882
0 0.8485294117647059 0.44248366013071894 0.008823529411764706 0.030065359477124184
0 0.8757352941176471 0.3941176470588235 0.007352941176470588 0.01699346405228758
0 0.9529411764705882 0.48823529411764705 0.010294117647058823 0.03529411764705882
0 0.9599264705882353 0.4947712418300654 0.009558823529411765 0.040522875816993466
