0 0.51796875 0.399537037037037 0.0015625 0.008333333333333333
0 0.46927083333333336 0.41944444444444445 0.0020833333333333333 0.005555555555555556
0 0.5130208333333334 0.4532407407407407 0.0020833333333333333 0.004629629629629629
0 0.4125 0.43425925925925923 0.0020833333333333333 0.007407407407407408
0 0.4192708333333333 0.43703703703703706 0.0020833333333333333 0.005555555555555556
0 0.37395833333333334 0.4550925925925926 0.0020833333333333333 0.008333333333333333
0 0.62109375 0.43472222222222223 0.0015625 0.010185185185185186
0 0.62265625 0.4337962962962963 0.0026041666666666665 0.008333333333333333
0 0.62734375 0.4337962962962963 0.0015625 0.010185185185185186
0 0.63203125 0.4337962962962963 0.0026041666666666665 0.008333333333333333
0 0.49270833333333336 0.46574074074074073 0.0020833333333333333 0.009259259259259259
0 0.49140625 0.46111111111111114 0.0026041666666666665 0.009259259259259259
0 0.4895833333333333 0.4587962962962963 0.0020833333333333333 0.008333333333333333
0 0.47994791666666664 0.46805555555555556 0.0015625 0.010185185185185186
0 0.4786458333333333 0.4675925925925926 0.0020833333333333333 0.011111111111111112
0 0.44947916666666665 0.45694444444444443 0.0020833333333333333 0.004629629629629629
0 0.45755208333333336 0.47129629629629627 0.0026041666666666665 0.005555555555555556
0 0.44583333333333336 0.48148148148148145 0.003125 0.005555555555555556
0 0.4471354166666667 0.4925925925925926 0.0026041666666666665 0.005555555555555556
0 0.4434895833333333 0.5009259259259259 0.0026041666666666665 0.005555555555555556
0 0.43984375 0.5009259259259259 0.0015625 0.005555555555555556
0 0.42161458333333335 0.5509259259259259 0.0026041666666666665 0.005555555555555556
0 0.5166666666666667 0.5060185185185185 0.003125 0.010185185185185186
0 0.5106770833333333 0.6296296296296297 0.0036458333333333334 0.007407407407407408
0 0.5151041666666667 0.6342592592592593 0.003125 0.009259259259259259
0 0.5255208333333333 0.7305555555555555 0.004166666666666667 0.016666666666666666
0 0.5208333333333334 0.7509259259259259 0.004166666666666667 0.011111111111111112
0 0.5138020833333333 0.750462962962963 0.0036458333333333334 0.012037037037037037
0 0.5682291666666667 0.9189814814814815 0.004166666666666667 0.026851851851851852
0 0.5377604166666666 0.8597222222222223 0.0046875 0.012037037037037037
0 0.31666666666666665 0.8166666666666667 0.004166666666666667 0.018518518518518517
0 0.3125 0.8333333333333334 0.00625 0.016666666666666666
0 0.27838541666666666 0.9842592592592593 0.0067708333333333336 0.014814814814814815
0 0.7278645833333334 0.9694444444444444 0.0046875 0.020370370370370372
0 0.7385416666666667 0.962037037037037 0.004166666666666667 0.022222222222222223
0 0.7424479166666667 0.9666666666666667 0.005729166666666666 0.024074074074074074
0 0.7408854166666666 0.6208333333333333 0.0036458333333333334 0.01574074074074074
0 0.7463541666666667 0.6222222222222222 0.003125 0.014814814814814815
0 0.7513020833333334 0.625 0.0046875 0.014814814814814815
0 0.7643229166666666 0.7 0.0046875 0.018518518518518517
0 0.8098958333333334 0.7268518518518519 0.005208333333333333 0.020370370370370372
0 0.79765625 0.7666666666666667 0.0046875 0.020370370370370372
0 0.8044270833333333 0.7652777777777777 0.0046875 0.021296296296296296
0 0.63828125 0.6550925925925926 0.005729166666666666 0.012037037037037037
