0 0.3047794117647059 0.3464052287581699 0.0125 0.06013071895424837
0 0.3488970588235294 0.1503267973856209 0.006617647058823529 0.044444444444444446
0 0.4834558823529412 0.06797385620915032 0.005147058823529412 0.013071895424836602
0 0.48933823529411763 0.040522875816993466 0.005147058823529412 0.01568627450980392
0 0.5422794117647058 0.05163398692810457 0.005147058823529412 0.01699346405228758
0 0.5474264705882353 0.02483660130718954 0.006617647058823529 0.01568627450980392
0 0.5595588235294118 0.027450980392156862 0.007352941176470588 0.018300653594771243
0 0.5724264705882353 0.05620915032679739 0.006617647058823529 0.03137254901960784
0 0.5632352941176471 0.13202614379084968 0.010294117647058823 0.023529411764705882
0 0.5753676470588235 0.16013071895424835 0.008088235294117648 0.022222222222222223
0 0.59375 0.22156862745098038 0.006617647058823529 0.040522875816993466
0 0.5875 0.2111111111111111 0.008823529411764706 0.0196078431372549
0 0.6095588235294118 0.21830065359477124 0.008823529411764706 0.026143790849673203
0 0.41691176470588237 0.5281045751633987 0.014705882352941176 0.06797385620915032
0 0.42830882352941174 0.5248366013071896 0.015441176470588236 0.06928104575163399
0 0.44632352941176473 0.538562091503268 0.011764705882352941 0.08104575163398693
0 0.5875 0.3065359477124183 0.008823529411764706 0.027450980392156862
0 0.5955882352941176 0.30915032679738563 0.008823529411764706 0.027450980392156862
0 0.7643382352941176 0.4666666666666667 0.008088235294117648 0.054901960784313725
0 0.7716911764705883 0.4888888888888889 0.022794117647058822 0.06013071895424837
0 0.6110294117647059 0.4718954248366013 0.013235294117647059 0.036601307189542485
0 0.6099264705882353 0.4588235294117647 0.0125 0.03398692810457516
0 0.8338235294117647 0.4869281045751634 0.010294117647058823 0.06143790849673202
0 0.8426470588235294 0.4915032679738562 0.013235294117647059 0.06274509803921569
0 0.9911764705882353 0.692156862745098 0.016176470588235296 0.03529411764705882
