0 0.045588235294117645 0.918954248366013 0.03235294117647059 0.05751633986928104
0 0.34705882352941175 0.27058823529411763 0.011764705882352941 0.04967320261437908
0 0.5827205882352942 0.40326797385620916 0.015441176470588236 0.058823529411764705
0 0.5558823529411765 0.3790849673202614 0.01764705882352941 0.06797385620915032
0 0.6573529411764706 0.34705882352941175 0.013235294117647059 0.05620915032679739
0 0.6716911764705882 0.3457516339869281 0.013970588235294118 0.05359477124183006
0 0.711764705882353 0.29215686274509806 0.014705882352941176 0.027450980392156862
0 0.7066176470588236 0.28169934640522876 0.016176470588235296 0.032679738562091505
0 0.5507352941176471 0.15163398692810456 0.008823529411764706 0.0392156862745098
0 0.6577205882352941 0.19215686274509805 0.013970588235294118 0.04967320261437908
0 0.6904411764705882 0.22156862745098038 0.007352941176470588 0.02483660130718954
0 0.6830882352941177 0.21764705882352942 0.007352941176470588 0.02483660130718954
0 0.6227941176470588 0.1261437908496732 0.010294117647058823 0.03790849673202614
