0 0.047058823529411764 0.26143790849673204 0.010294117647058823 0.0392156862745098
0 0.03455882352941177 0.27450980392156865 0.008823529411764706 0.03398692810457516
0 0.10477941176470588 0.9686274509803922 0.04044117647058824 0.06274509803921569
0 0.22095588235294117 0.3627450980392157 0.013970588235294118 0.043137254901960784
0 0.28713235294117645 0.30980392156862746 0.011029411764705883 0.04183006535947712
0 0.26176470588235295 0.2725490196078431 0.008823529411764706 0.043137254901960784
0 0.2702205882352941 0.2601307189542484 0.009558823529411765 0.044444444444444446
0 0.2757352941176471 0.25163398692810457 0.010294117647058823 0.043137254901960784
0 0.2893382352941177 0.25359477124183005 0.009558823529411765 0.0392156862745098
0 0.29705882352941176 0.25555555555555554 0.007352941176470588 0.0457516339869281
0 0.25183823529411764 0.2457516339869281 0.009558823529411765 0.0392156862745098
0 0.3463235294117647 0.31699346405228757 0.008823529411764706 0.043137254901960784
0 0.34301470588235294 0.3287581699346405 0.009558823529411765 0.043137254901960784
0 0.36911764705882355 0.3137254901960784 0.010294117647058823 0.04183006535947712
0 0.3411764705882353 0.49019607843137253 0.014705882352941176 0.054901960784313725
0 0.48970588235294116 0.28888888888888886 0.008823529411764706 0.03137254901960784
0 0.49264705882352944 0.28169934640522876 0.007352941176470588 0.027450980392156862
0 0.680514705882353 0.8366013071895425 0.019852941176470587 0.06274509803921569
0 0.6838235294117647 0.7254901960784313 0.01911764705882353 0.04967320261437908
0 0.8110294117647059 0.8758169934640523 0.020588235294117647 0.08104575163398693
0 0.8213235294117647 0.8614379084967321 0.01764705882352941 0.08627450980392157
0 0.993014705882353 0.6882352941176471 0.013970588235294118 0.05359477124183006
0 0.7474264705882353 0.5633986928104575 0.016911764705882352 0.06535947712418301
0 0.763235294117647 0.5686274509803921 0.016176470588235296 0.06535947712418301
0 0.8632352941176471 0.43790849673202614 0.013235294117647059 0.05228758169934641
0 0.8658088235294118 0.4294117647058823 0.013970588235294118 0.050980392156862744
0 0.7709558823529412 0.4339869281045752 0.013970588235294118 0.02875816993464052
0 0.7878676470588235 0.43594771241830066 0.016911764705882352 0.050980392156862744
0 0.7915441176470588 0.4320261437908497 0.009558823529411765 0.05359477124183006
0 0.48566176470588235 0.22156862745098038 0.006617647058823529 0.03529411764705882
0 0.5591911764705882 0.12156862745098039 0.006617647058823529 0.026143790849673203
0 0.5709558823529411 0.11633986928104575 0.006617647058823529 0.026143790849673203
0 0.6485294117647059 0.27124183006535946 0.010294117647058823 0.030065359477124184
0 0.6794117647058824 0.13594771241830064 0.008823529411764706 0.026143790849673203
0 0.7198529411764706 0.20784313725490197 0.008823529411764706 0.03137254901960784
0 0.7169117647058824 0.2830065359477124 0.007352941176470588 0.027450980392156862
0 0.7231617647058823 0.2019607843137255 0.006617647058823529 0.032679738562091505
0 0.7511029411764706 0.13529411764705881 0.008088235294117648 0.030065359477124184
0 0.75625 0.11045751633986928 0.005147058823529412 0.027450980392156862
0 0.7514705882352941 0.10718954248366012 0.007352941176470588 0.023529411764705882
0 0.6753676470588236 0.08823529411764706 0.005147058823529412 0.01699346405228758
0 0.7625 0.048366013071895426 0.004411764705882353 0.02091503267973856
0 0.7014705882352941 0.04379084967320261 0.004411764705882353 0.02483660130718954
0 0.70625 0.04379084967320261 0.005147058823529412 0.01699346405228758
0 0.6996323529411764 0.03790849673202614 0.005147058823529412 0.01568627450980392
0 0.7128676470588236 0.021568627450980392 0.005147058823529412 0.0196078431372549
0 0.6488970588235294 0.01241830065359477 0.005147058823529412 0.01699346405228758
