0 0.7856617647058823 0.13986928104575164 0.005147058823529412 0.01568627450980392
0 0.7022058823529411 0.12679738562091503 0.004411764705882353 0.018300653594771243
0 0.6323529411764706 0.1437908496732026 0.0029411764705882353 0.018300653594771243
0 0.6036764705882353 0.14313725490196078 0.004411764705882353 0.01699346405228758
0 0.606985294117647 0.14248366013071895 0.003676470588235294 0.02091503267973856
0 0.7275735294117647 0.22287581699346407 0.009558823529411765 0.02483660130718954
0 0.7540441176470588 0.31437908496732025 0.008088235294117648 0.03529411764705882
0 0.7661764705882353 0.31241830065359477 0.007352941176470588 0.03137254901960784
0 0.7716911764705883 0.3137254901960784 0.006617647058823529 0.026143790849673203
0 0.6827205882352941 0.18562091503267975 0.005147058823529412 0.023529411764705882
0 0.6970588235294117 0.25163398692810457 0.004411764705882353 0.01437908496732026
0 0.6882352941176471 0.24640522875816995 0.0058823529411764705 0.027450980392156862
0 0.6882352941176471 0.2542483660130719 0.0058823529411764705 0.027450980392156862
0 0.6823529411764706 0.2529411764705882 0.0058823529411764705 0.030065359477124184
0 0.6900735294117647 0.3411764705882353 0.008088235294117648 0.04183006535947712
0 0.694485294117647 0.3411764705882353 0.008088235294117648 0.036601307189542485
0 0.6841911764705882 0.3392156862745098 0.006617647058823529 0.03529411764705882
0 0.6823529411764706 0.33464052287581697 0.0058823529411764705 0.036601307189542485
0 0.5731617647058823 0.2934640522875817 0.009558823529411765 0.027450980392156862
0 0.5485294117647059 0.365359477124183 0.0058823529411764705 0.040522875816993466
0 0.4632352941176471 0.3934640522875817 0.007352941176470588 0.044444444444444446
0 0.48419117647058824 0.3934640522875817 0.008088235294117648 0.044444444444444446
0 0.48933823529411763 0.3954248366013072 0.009558823529411765 0.043137254901960784
0 0.643014705882353 0.5143790849673202 0.013970588235294118 0.06143790849673202
0 0.6272058823529412 0.5065359477124183 0.014705882352941176 0.05359477124183006
0 0.4022058823529412 0.26143790849673204 0.007352941176470588 0.03398692810457516
0 0.41066176470588234 0.2581699346405229 0.008088235294117648 0.03529411764705882
0 0.47757352941176473 0.13529411764705881 0.003676470588235294 0.0196078431372549
0 0.4389705882352941 0.14313725490196078 0.004411764705882353 0.022222222222222223
0 0.43308823529411766 0.14705882352941177 0.004411764705882353 0.01437908496732026
0 0.34191176470588236 0.12483660130718954 0.0058823529411764705 0.01699346405228758
0 0.33639705882352944 0.1954248366013072 0.006617647058823529 0.027450980392156862
0 0.28566176470588234 0.19084967320261437 0.006617647058823529 0.026143790849673203
0 0.23345588235294118 0.11372549019607843 0.003676470588235294 0.01568627450980392
0 0.24191176470588235 0.11176470588235295 0.004411764705882353 0.0196078431372549
0 0.16691176470588234 0.11633986928104575 0.0058823529411764705 0.02091503267973856
0 0.1650735294117647 0.12222222222222222 0.005147058823529412 0.0196078431372549
0 0.14595588235294119 0.10457516339869281 0.006617647058823529 0.018300653594771243
0 0.13897058823529412 0.11045751633986928 0.0058823529411764705 0.022222222222222223
0 0.12830882352941175 0.12352941176470589 0.005147058823529412 0.022222222222222223
0 0.10036764705882353 0.169281045751634 0.009558823529411765 0.01699346405228758
0 0.18308823529411763 0.22549019607843138 0.007352941176470588 0.02483660130718954
0 0.03602941176470588 0.28627450980392155 0.008823529411764706 0.03398692810457516
0 0.04595588235294118 0.2856209150326797 0.006617647058823529 0.030065359477124184
0 0.03713235294117647 0.28888888888888886 0.009558823529411765 0.03137254901960784
0 0.027573529411764705 0.2908496732026144 0.009558823529411765 0.030065359477124184
0 0.008823529411764706 0.30196078431372547 0.010294117647058823 0.036601307189542485
0 0.015073529411764706 0.296078431372549 0.009558823529411765 0.032679738562091505
0 0.013602941176470588 0.2908496732026144 0.006617647058823529 0.03790849673202614
