0 0.28125 0.5522875816993464 0.009558823529411765 0.032679738562091505
0 0.6058823529411764 0.6934640522875817 0.011764705882352941 0.0457516339869281
0 0.5952205882352941 0.5640522875816993 0.003676470588235294 0.027450980392156862
0 0.4783088235294118 0.2196078431372549 0.005147058823529412 0.023529411764705882
0 0.17279411764705882 0.3738562091503268 0.007352941176470588 0.026143790849673203
0 0.12536764705882353 0.5084967320261438 0.0125 0.05228758169934641
0 0.35551470588235295 0.20065359477124184 0.005147058823529412 0.022222222222222223
0 0.4011029411764706 0.26666666666666666 0.008088235294117648 0.03137254901960784
0 0.3650735294117647 0.16405228758169935 0.005147058823529412 0.022222222222222223
0 0.3669117647058823 0.17320261437908496 0.0029411764705882353 0.01437908496732026
0 0.3724264705882353 0.17516339869281045 0.003676470588235294 0.02091503267973856
