0 0.36764705882352944 0.5712418300653594 0.026470588235294117 0.08366013071895424
0 0.8051470588235294 0.6228758169934641 0.023529411764705882 0.040522875816993466
0 0.8224264705882353 0.626797385620915 0.011029411764705883 0.032679738562091505
0 0.9345588235294118 0.6261437908496732 0.025 0.04183006535947712
0 0.5058823529411764 0.4019607843137255 0.020588235294117647 0.06405228758169934
0 0.48161764705882354 0.38496732026143793 0.014705882352941176 0.06666666666666667
0 0.4698529411764706 0.38823529411764707 0.010294117647058823 0.07058823529411765
0 0.4470588235294118 0.3627450980392157 0.011764705882352941 0.0718954248366013
0 0.45808823529411763 0.3607843137254902 0.011764705882352941 0.06535947712418301
0 0.2897058823529412 0.43529411764705883 0.014705882352941176 0.06797385620915032
0 0.2841911764705882 0.5287581699346405 0.01838235294117647 0.05359477124183006
0 0.25220588235294117 0.4915032679738562 0.026470588235294117 0.07320261437908497
0 0.2485294117647059 0.3673202614379085 0.011764705882352941 0.05751633986928104
0 0.29154411764705884 0.34509803921568627 0.0125 0.044444444444444446
0 0.28125 0.3209150326797386 0.011029411764705883 0.043137254901960784
0 0.3073529411764706 0.3209150326797386 0.016176470588235296 0.048366013071895426
0 0.31470588235294117 0.3542483660130719 0.013235294117647059 0.044444444444444446
