0 0.3709558823529412 0.515032679738562 0.009558823529411765 0.0392156862745098
0 0.4540441176470588 0.1522875816993464 0.005147058823529412 0.01699346405228758
0 0.513235294117647 0.10980392156862745 0.004411764705882353 0.023529411764705882
0 0.49558823529411766 0.08954248366013072 0.004411764705882353 0.0196078431372549
0 0.8143382352941176 0.8607843137254902 0.01838235294117647 0.032679738562091505
0 0.73125 0.8098039215686275 0.013970588235294118 0.05359477124183006
0 0.7202205882352941 0.7496732026143791 0.013970588235294118 0.06143790849673202
0 0.73125 0.7143790849673203 0.011029411764705883 0.05620915032679739
0 0.6253676470588235 0.3457516339869281 0.006617647058823529 0.032679738562091505
0 0.6610294117647059 0.27908496732026145 0.0058823529411764705 0.032679738562091505
0 0.5830882352941177 0.307843137254902 0.008823529411764706 0.03790849673202614
0 0.6224264705882353 0.15163398692810456 0.006617647058823529 0.023529411764705882
0 0.5474264705882353 0.04183006535947712 0.003676470588235294 0.018300653594771243
0 0.5452205882352941 0.04183006535947712 0.003676470588235294 0.018300653594771243
0 0.5886029411764706 0.05163398692810457 0.005147058823529412 0.01699346405228758
0 0.575735294117647 0.015032679738562092 0.0029411764705882353 0.01699346405228758
0 0.6283088235294118 0.12810457516339868 0.003676470588235294 0.01568627450980392
0 0.5974264705882353 0.08627450980392157 0.003676470588235294 0.018300653594771243
