0 0.3889705882352941 0.75359477124183 0.014705882352941176 0.05620915032679739
0 0.45808823529411763 0.43790849673202614 0.008823529411764706 0.03137254901960784
0 0.42169117647058824 0.40588235294117647 0.008088235294117648 0.03529411764705882
0 0.4033088235294118 0.29869281045751633 0.005147058823529412 0.02483660130718954
0 0.39742647058823527 0.29869281045751633 0.005147058823529412 0.02483660130718954
0 0.2772058823529412 0.3411764705882353 0.007352941176470588 0.01568627450980392
0 0.7077205882352942 0.6549019607843137 0.015441176470588236 0.036601307189542485
0 0.700735294117647 0.6352941176470588 0.016176470588235296 0.036601307189542485
0 0.6981617647058823 0.6215686274509804 0.011029411764705883 0.027450980392156862
0 0.5606617647058824 0.5529411764705883 0.0125 0.03398692810457516
0 0.5213235294117647 0.3150326797385621 0.007352941176470588 0.023529411764705882
0 0.5363970588235294 0.3176470588235294 0.006617647058823529 0.026143790849673203
0 0.21066176470588235 0.634640522875817 0.019852941176470587 0.05359477124183006
0 0.2011029411764706 0.630718954248366 0.0125 0.050980392156862744
