0 0.03676470588235294 0.8418300653594771 0.022058823529411766 0.06535947712418301
0 0.2797794117647059 0.9699346405228758 0.015441176470588236 0.05751633986928104
0 0.7209558823529412 0.8339869281045752 0.016911764705882352 0.044444444444444446
0 0.5900735294117647 0.46339869281045754 0.008088235294117648 0.03529411764705882
0 0.31875 0.4477124183006536 0.009558823529411765 0.040522875816993466
0 0.29191176470588237 0.47908496732026146 0.007352941176470588 0.0196078431372549
0 0.40698529411764706 0.32287581699346407 0.005147058823529412 0.03398692810457516
0 0.39375 0.307843137254902 0.006617647058823529 0.032679738562091505
0 0.631985294117647 0.3058823529411765 0.006617647058823529 0.023529411764705882
0 0.5661764705882353 0.32941176470588235 0.004411764705882353 0.03137254901960784
0 0.5838235294117647 0.2751633986928105 0.004411764705882353 0.01437908496732026
0 0.5426470588235294 0.14052287581699346 0.0029411764705882353 0.01437908496732026
0 0.4823529411764706 0.17516339869281045 0.004411764705882353 0.01568627450980392
0 0.4922794117647059 0.19084967320261437 0.005147058823529412 0.018300653594771243
0 0.5558823529411765 0.09607843137254903 0.0029411764705882353 0.011764705882352941
0 0.5143382352941176 0.1130718954248366 0.0022058823529411764 0.01437908496732026
0 0.5198529411764706 0.11372549019607843 0.0029411764705882353 0.013071895424836602
0 0.5125 0.07973856209150326 0.0014705882352941176 0.01045751633986928
0 0.4970588235294118 0.05620915032679739 0.0014705882352941176 0.00784313725490196
0 0.5139705882352941 0.05947712418300653 0.0014705882352941176 0.009150326797385621
0 0.5125 0.058823529411764705 0.0014705882352941176 0.01045751633986928
0 0.5106617647058823 0.2908496732026144 0.003676470588235294 0.02483660130718954
0 0.5139705882352941 0.28954248366013075 0.004411764705882353 0.027450980392156862
