0 0.8584558823529411 0.2261437908496732 0.003676470588235294 0.013071895424836602
0 0.8558823529411764 0.30196078431372547 0.007352941176470588 0.018300653594771243
0 0.8014705882352942 0.21830065359477124 0.0029411764705882353 0.013071895424836602
0 0.805514705882353 0.21633986928104576 0.0022058823529411764 0.009150326797385621
0 0.8102941176470588 0.2169934640522876 0.0029411764705882353 0.01045751633986928
0 0.04963235294117647 0.8490196078431372 0.027205882352941177 0.08496732026143791
0 0.17794117647058824 0.42810457516339867 0.008823529411764706 0.040522875816993466
0 0.18455882352941178 0.4065359477124183 0.007352941176470588 0.0392156862745098
0 0.17647058823529413 0.4013071895424837 0.010294117647058823 0.03398692810457516
0 0.23823529411764705 0.48823529411764705 0.010294117647058823 0.043137254901960784
0 0.3264705882352941 0.38169934640522873 0.004411764705882353 0.018300653594771243
0 0.30220588235294116 0.37777777777777777 0.008823529411764706 0.02091503267973856
0 0.10514705882352941 0.4372549019607843 0.0058823529411764705 0.030065359477124184
0 0.08419117647058824 0.43333333333333335 0.009558823529411765 0.03790849673202614
0 0.08713235294117647 0.4366013071895425 0.011029411764705883 0.0392156862745098
0 0.12794117647058822 0.4418300653594771 0.007352941176470588 0.023529411764705882
0 0.11654411764705883 0.45359477124183006 0.009558823529411765 0.036601307189542485
0 0.7404411764705883 0.5627450980392157 0.011764705882352941 0.0457516339869281
0 0.5665441176470588 0.5124183006535947 0.011029411764705883 0.0392156862745098
0 0.5066176470588235 0.4470588235294118 0.010294117647058823 0.036601307189542485
0 0.5121323529411764 0.4477124183006536 0.005147058823529412 0.030065359477124184
0 0.4007352941176471 0.47058823529411764 0.011764705882352941 0.0392156862745098
0 0.6261029411764706 0.34705882352941175 0.006617647058823529 0.027450980392156862
0 0.600735294117647 0.28888888888888886 0.004411764705882353 0.023529411764705882
0 0.5904411764705882 0.27124183006535946 0.004411764705882353 0.022222222222222223
0 0.5988970588235294 0.24836601307189543 0.003676470588235294 0.018300653594771243
0 0.9676470588235294 0.3843137254901961 0.007352941176470588 0.02875816993464052
