0 0.9911764705882353 0.7320261437908496 0.016176470588235296 0.054901960784313725
0 0.6393382352941176 0.7052287581699347 0.016911764705882352 0.06143790849673202
0 0.5529411764705883 0.8450980392156863 0.01764705882352941 0.05620915032679739
0 0.22205882352941175 0.5542483660130719 0.010294117647058823 0.05228758169934641
0 0.26066176470588237 0.5640522875816993 0.011029411764705883 0.058823529411764705
0 0.2746323529411765 0.5516339869281046 0.015441176470588236 0.054901960784313725
0 0.2952205882352941 0.5555555555555556 0.011029411764705883 0.054901960784313725
0 0.3084558823529412 0.5235294117647059 0.0125 0.040522875816993466
0 0.3323529411764706 0.5673202614379085 0.008823529411764706 0.054901960784313725
0 0.011764705882352941 0.5117647058823529 0.013235294117647059 0.050980392156862744
0 0.0125 0.49869281045751634 0.010294117647058823 0.05359477124183006
0 0.46397058823529413 0.22483660130718955 0.0058823529411764705 0.02875816993464052
0 0.4786764705882353 0.234640522875817 0.007352941176470588 0.027450980392156862
0 0.44485294117647056 0.2326797385620915 0.007352941176470588 0.03137254901960784
0 0.43713235294117647 0.2130718954248366 0.005147058823529412 0.03398692810457516
0 0.5459558823529411 0.08627450980392157 0.003676470588235294 0.01568627450980392
