0 0.7216911764705882 0.42549019607843136 0.0125 0.050980392156862744
0 0.6165441176470589 0.16209150326797386 0.006617647058823529 0.04183006535947712
0 0.6261029411764706 0.17058823529411765 0.006617647058823529 0.040522875816993466
0 0.575735294117647 0.6477124183006536 0.011764705882352941 0.05620915032679739
0 0.5720588235294117 0.6228758169934641 0.013235294117647059 0.06666666666666667
0 0.6323529411764706 0.14248366013071895 0.008823529411764706 0.044444444444444446
0 0.6591911764705882 0.11568627450980393 0.0125 0.03529411764705882
0 0.6323529411764706 0.05163398692810457 0.008823529411764706 0.03529411764705882
0 0.2540441176470588 0.10718954248366012 0.008088235294117648 0.04183006535947712
0 0.31875 0.615686274509804 0.01838235294117647 0.05751633986928104
0 0.35551470588235295 0.5549019607843138 0.013970588235294118 0.043137254901960784
0 0.23455882352941176 0.9091503267973856 0.016176470588235296 0.06666666666666667
