0 0.6628676470588235 0.28431372549019607 0.006617647058823529 0.032679738562091505
0 0.6253676470588235 0.1803921568627451 0.006617647058823529 0.02091503267973856
0 0.6400735294117647 0.19084967320261437 0.005147058823529412 0.02875816993464052
0 0.6367647058823529 0.18562091503267975 0.0058823529411764705 0.026143790849673203
0 0.6540441176470588 0.15947712418300652 0.005147058823529412 0.02875816993464052
0 0.6044117647058823 0.09477124183006536 0.004411764705882353 0.02483660130718954
0 0.6194852941176471 0.11437908496732026 0.005147058823529412 0.0196078431372549
0 0.9496323529411764 0.3993464052287582 0.013970588235294118 0.0457516339869281
0 0.8625 0.36209150326797385 0.013235294117647059 0.047058823529411764
0 0.8095588235294118 0.34901960784313724 0.008823529411764706 0.0392156862745098
0 0.7547794117647059 0.36013071895424836 0.008088235294117648 0.03790849673202614
0 0.9834558823529411 0.6222222222222222 0.015441176470588236 0.054901960784313725
0 0.7823529411764706 0.8411764705882353 0.013235294117647059 0.06143790849673202
0 0.7474264705882353 0.6620915032679738 0.0125 0.040522875816993466
0 0.711764705882353 0.3241830065359477 0.010294117647058823 0.0392156862745098
0 0.7051470588235295 0.3836601307189543 0.008823529411764706 0.022222222222222223
0 0.68125 0.33202614379084966 0.006617647058823529 0.036601307189542485
0 0.6643382352941176 0.4522875816993464 0.0125 0.0392156862745098
0 0.6661764705882353 0.4372549019607843 0.011764705882352941 0.027450980392156862
0 0.6496323529411765 0.4287581699346405 0.0125 0.03398692810457516
0 0.6363970588235294 0.373202614379085 0.008088235294117648 0.040522875816993466
0 0.5577205882352941 0.1287581699346405 0.003676470588235294 0.027450980392156862
0 0.5533088235294118 0.12745098039215685 0.005147058823529412 0.027450980392156862
0 0.5889705882352941 0.2751633986928105 0.0058823529411764705 0.027450980392156862
0 0.5790441176470589 0.2738562091503268 0.006617647058823529 0.040522875816993466
0 0.5301470588235294 0.04967320261437908 0.004411764705882353 0.01568627450980392
0 0.643014705882353 0.8352941176470589 0.021323529411764706 0.04967320261437908
0 0.6529411764705882 0.8352941176470589 0.014705882352941176 0.0392156862745098
0 0.5606617647058824 0.869281045751634 0.022794117647058822 0.05228758169934641
0 0.002573529411764706 0.8333333333333334 0.005147058823529412 0.03790849673202614
0 0.15588235294117647 0.7209150326797386 0.013235294117647059 0.0457516339869281
0 0.14963235294117647 0.722875816993464 0.009558823529411765 0.03398692810457516
0 0.08970588235294118 0.7241830065359477 0.016176470588235296 0.044444444444444446
0 0.1323529411764706 0.4261437908496732 0.013235294117647059 0.04183006535947712
0 0.2566176470588235 0.3888888888888889 0.011764705882352941 0.030065359477124184
0 0.26433823529411765 0.40784313725490196 0.009558823529411765 0.044444444444444446
0 0.4319852941176471 0.38758169934640524 0.009558823529411765 0.03790849673202614
0 0.5051470588235294 0.3215686274509804 0.008823529411764706 0.044444444444444446
0 0.4886029411764706 0.2784313725490196 0.009558823529411765 0.02875816993464052
0 0.3871323529411765 0.20261437908496732 0.008088235294117648 0.03398692810457516
0 0.38088235294117645 0.09019607843137255 0.0058823529411764705 0.023529411764705882
0 0.4036764705882353 0.06797385620915032 0.004411764705882353 0.018300653594771243
0 0.4488970588235294 0.25882352941176473 0.006617647058823529 0.02091503267973856
0 0.44816176470588237 0.25947712418300656 0.006617647058823529 0.030065359477124184
0 0.4860294117647059 0.020261437908496733 0.004411764705882353 0.01437908496732026
