0 0.5283088235294118 0.07254901960784314 0.003676470588235294 0.011764705882352941
0 0.5253676470588236 0.0718954248366013 0.003676470588235294 0.013071895424836602
0 0.4606617647058823 0.2718954248366013 0.008088235294117648 0.0392156862745098
0 0.4525735294117647 0.27058823529411763 0.006617647058823529 0.03398692810457516
0 0.39191176470588235 0.24313725490196078 0.007352941176470588 0.04183006535947712
0 0.38198529411764703 0.2477124183006536 0.005147058823529412 0.022222222222222223
0 0.3801470588235294 0.2529411764705882 0.0058823529411764705 0.0196078431372549
0 0.2599264705882353 0.3980392156862745 0.016911764705882352 0.05620915032679739
0 0.5599264705882353 0.28627450980392155 0.008088235294117648 0.03137254901960784
0 0.4738970588235294 0.2496732026143791 0.008088235294117648 0.02875816993464052
0 0.4724264705882353 0.24836601307189543 0.006617647058823529 0.023529411764705882
0 0.5297794117647059 0.12679738562091503 0.003676470588235294 0.018300653594771243
0 0.5952205882352941 0.22156862745098038 0.008088235294117648 0.02483660130718954
0 0.4834558823529412 0.049019607843137254 0.005147058823529412 0.01437908496732026
0 0.4948529411764706 0.03594771241830065 0.0029411764705882353 0.009150326797385621
0 0.8944852941176471 0.9810457516339869 0.03455882352941177 0.03529411764705882
