0 0.24044117647058824 0.6444444444444445 0.013235294117647059 0.05751633986928104
0 0.26580882352941176 0.47320261437908495 0.009558823529411765 0.047058823529411764
0 0.27536764705882355 0.4803921568627451 0.008088235294117648 0.043137254901960784
0 0.3316176470588235 0.3803921568627451 0.007352941176470588 0.036601307189542485
0 0.3338235294117647 0.35294117647058826 0.010294117647058823 0.03137254901960784
0 0.3448529411764706 0.3535947712418301 0.007352941176470588 0.03529411764705882
0 0.5426470588235294 0.3359477124183007 0.004411764705882353 0.02091503267973856
0 0.5625 0.3104575163398693 0.004411764705882353 0.02483660130718954
0 0.5599264705882353 0.307843137254902 0.003676470588235294 0.027450980392156862
0 0.5676470588235294 0.20130718954248367 0.0029411764705882353 0.018300653594771243
0 0.4253676470588235 0.2856209150326797 0.008088235294117648 0.02483660130718954
0 0.4323529411764706 0.2542483660130719 0.0058823529411764705 0.0196078431372549
0 0.4525735294117647 0.2130718954248366 0.003676470588235294 0.013071895424836602
0 0.5077205882352941 0.1803921568627451 0.003676470588235294 0.01568627450980392
0 0.5117647058823529 0.18104575163398692 0.004411764705882353 0.01699346405228758
0 0.5202205882352942 0.17777777777777778 0.003676470588235294 0.01568627450980392
0 0.5224264705882353 0.14901960784313725 0.003676470588235294 0.00784313725490196
0 0.5136029411764705 0.15163398692810456 0.003676470588235294 0.00784313725490196
0 0.5963235294117647 0.5287581699346405 0.010294117647058823 0.040522875816993466
0 0.6661764705882353 0.5320261437908497 0.010294117647058823 0.044444444444444446
0 0.830514705882353 0.9477124183006536 0.021323529411764706 0.06013071895424837
0 0.8356617647058824 0.4071895424836601 0.008088235294117648 0.022222222222222223
0 0.9154411764705882 0.36470588235294116 0.008823529411764706 0.023529411764705882
0 0.6621323529411764 0.2803921568627451 0.005147058823529412 0.02483660130718954
0 0.6577205882352941 0.27908496732026145 0.003676470588235294 0.02483660130718954
