0 0.24558823529411763 0.45294117647058824 0.011764705882352941 0.03790849673202614
0 0.25 0.4339869281045752 0.014705882352941176 0.02875816993464052
0 0.975 0.6496732026143791 0.01911764705882353 0.03137254901960784
0 0.6981617647058823 0.05555555555555555 0.006617647058823529 0.027450980392156862
0 0.7066176470588236 0.04183006535947712 0.008823529411764706 0.03137254901960784
0 0.7136029411764706 0.02091503267973856 0.005147058823529412 0.02875816993464052
0 0.7169117647058824 0.013071895424836602 0.004411764705882353 0.01568627450980392
0 0.5926470588235294 0.034640522875816995 0.007352941176470588 0.027450980392156862
0 0.5963235294117647 0.06797385620915032 0.007352941176470588 0.03137254901960784
0 0.47941176470588237 0.22091503267973855 0.008823529411764706 0.02875816993464052
0 0.48125 0.21372549019607842 0.006617647058823529 0.030065359477124184
