0 0.13072916666666667 0.9064814814814814 0.014583333333333334 0.05185185185185185
0 0.030989583333333334 0.6523148148148148 0.013020833333333334 0.03796296296296296
0 0.7838541666666666 0.750462962962963 0.010416666666666666 0.03796296296296296
0 0.6622395833333333 0.6638888888888889 0.008854166666666666 0.03333333333333333
0 0.7317708333333334 0.7055555555555556 0.007291666666666667 0.03148148148148148
0 0.7580729166666667 0.712037037037037 0.008854166666666666 0.025925925925925925
0 0.70859375 0.6430555555555556 0.009895833333333333 0.041666666666666664
0 0.6072916666666667 0.5615740740740741 0.008333333333333333 0.028703703703703703
0 0.6015625 0.5550925925925926 0.004166666666666667 0.025
0 0.5966145833333333 0.5046296296296297 0.0067708333333333336 0.027777777777777776
0 0.07682291666666667 0.562962962962963 0.005729166666666666 0.03333333333333333
0 0.06927083333333334 0.5523148148148148 0.008333333333333333 0.025
0 0.04739583333333333 0.4666666666666667 0.005208333333333333 0.024074074074074074
0 0.005989583333333334 0.5782407407407407 0.008854166666666666 0.026851851851851852
0 0.009114583333333334 0.5606481481481481 0.0067708333333333336 0.028703703703703703
0 0.03567708333333333 0.44722222222222224 0.0067708333333333336 0.024074074074074074
0 0.20703125 0.4300925925925926 0.0046875 0.017592592592592594
0 0.19557291666666668 0.4125 0.005729166666666666 0.01574074074074074
