0 0.6380208333333334 0.6638888888888889 0.008333333333333333 0.03888888888888889
0 0.6296875 0.6467592592592593 0.008333333333333333 0.028703703703703703
0 0.6234375 0.625462962962963 0.008333333333333333 0.03425925925925926
0 0.9177083333333333 0.5847222222222223 0.005208333333333333 0.032407407407407406
0 0.9171875 0.5787037037037037 0.0125 0.04259259259259259
0 0.6552083333333333 0.8240740740740741 0.008333333333333333 0.040740740740740744
0 0.6580729166666667 0.8111111111111111 0.005729166666666666 0.03888888888888889
0 0.41119791666666666 0.41064814814814815 0.0036458333333333334 0.013888888888888888
0 0.4010416666666667 0.41759259259259257 0.004166666666666667 0.024074074074074074
0 0.39427083333333335 0.4134259259259259 0.004166666666666667 0.025
0 0.3971354166666667 0.39861111111111114 0.0026041666666666665 0.021296296296296296
0 0.5315104166666667 0.3768518518518518 0.0046875 0.020370370370370372
0 0.53984375 0.38333333333333336 0.005729166666666666 0.022222222222222223
0 0.5533854166666666 0.3768518518518518 0.0036458333333333334 0.020370370370370372
0 0.5776041666666667 0.3962962962962963 0.005208333333333333 0.014814814814814815
0 0.5890625 0.4023148148148148 0.005208333333333333 0.01574074074074074
0 0.5609375 0.36666666666666664 0.004166666666666667 0.020370370370370372
0 0.5630208333333333 0.3675925925925926 0.004166666666666667 0.016666666666666666
0 0.4744791666666667 0.3814814814814815 0.003125 0.018518518518518517
0 0.47630208333333335 0.37962962962962965 0.0036458333333333334 0.020370370370370372
0 0.47994791666666664 0.3763888888888889 0.0046875 0.017592592592592594
0 0.46015625 0.2912037037037037 0.0046875 0.010185185185185186
0 0.8877604166666667 0.549074074074074 0.005729166666666666 0.02962962962962963
0 0.8908854166666667 0.5481481481481482 0.005729166666666666 0.022222222222222223
0 0.9348958333333334 0.45601851851851855 0.005208333333333333 0.028703703703703703
0 0.94453125 0.4583333333333333 0.005729166666666666 0.024074074074074074
0 0.98046875 0.48935185185185187 0.005729166666666666 0.025
0 0.9963541666666667 0.6217592592592592 0.007291666666666667 0.032407407407407406
0 0.8799479166666667 0.39861111111111114 0.0046875 0.025
0 0.8903645833333333 0.4023148148148148 0.0046875 0.017592592592592594
0 0.8690104166666667 0.36064814814814816 0.0078125 0.017592592592592594
0 0.7565104166666666 0.3837962962962963 0.0046875 0.023148148148148147
0 0.7619791666666667 0.38935185185185184 0.003125 0.017592592592592594
0 0.7205729166666667 0.31342592592592594 0.0046875 0.017592592592592594
0 0.71328125 0.38287037037037036 0.0067708333333333336 0.01574074074074074
0 0.7432291666666667 0.22268518518518518 0.004166666666666667 0.01574074074074074
0 0.5872395833333334 0.3592592592592593 0.0046875 0.016666666666666666
0 0.5916666666666667 0.3523148148148148 0.004166666666666667 0.01574074074074074
0 0.37734375 0.3421296296296296 0.0026041666666666665 0.01574074074074074
0 0.4270833333333333 0.3527777777777778 0.005208333333333333 0.025925925925925925
