0 0.5944852941176471 0.6372549019607843 0.01838235294117647 0.058823529411764705
0 0.5507352941176471 0.7202614379084967 0.008823529411764706 0.06274509803921569
0 0.27389705882352944 0.8261437908496732 0.0125 0.06013071895424837
0 0.34154411764705883 0.7366013071895425 0.019852941176470587 0.06143790849673202
0 0.2827205882352941 0.7130718954248366 0.0125 0.0457516339869281
0 0.26176470588235295 0.7169934640522876 0.014705882352941176 0.06405228758169934
0 0.2672794117647059 0.6758169934640523 0.0125 0.06013071895424837
0 0.25 0.657516339869281 0.016176470588235296 0.054901960784313725
0 0.2323529411764706 0.40065359477124185 0.008823529411764706 0.050980392156862744
0 0.25183823529411764 0.25359477124183005 0.011029411764705883 0.02875816993464052
0 0.2772058823529412 0.296078431372549 0.010294117647058823 0.040522875816993466
0 0.2852941176470588 0.29150326797385623 0.008823529411764706 0.0392156862745098
0 0.41102941176470587 0.33137254901960783 0.008823529411764706 0.043137254901960784
0 0.4011029411764706 0.3300653594771242 0.008088235294117648 0.0457516339869281
0 0.28345588235294117 0.1784313725490196 0.006617647058823529 0.043137254901960784
