0 0.048161764705882355 0.4888888888888889 0.027205882352941177 0.06797385620915032
0 0.2235294117647059 0.5555555555555556 0.023529411764705882 0.07581699346405228
0 0.21176470588235294 0.545751633986928 0.026470588235294117 0.06928104575163399
0 0.38235294117647056 0.64640522875817 0.025 0.0718954248366013
0 0.45183823529411765 0.615686274509804 0.016911764705882352 0.07320261437908497
0 0.4297794117647059 0.5712418300653594 0.01838235294117647 0.06535947712418301
0 0.41066176470588234 0.4261437908496732 0.0125 0.05228758169934641
0 0.4183823529411765 0.40588235294117647 0.013235294117647059 0.048366013071895426
0 0.4308823529411765 0.4366013071895425 0.016176470588235296 0.026143790849673203
0 0.8040441176470589 0.4764705882352941 0.025735294117647058 0.058823529411764705
0 0.6183823529411765 0.45098039215686275 0.01764705882352941 0.06274509803921569
0 0.48676470588235293 0.365359477124183 0.01764705882352941 0.048366013071895426
0 0.4632352941176471 0.35751633986928105 0.011764705882352941 0.03790849673202614
0 0.586764705882353 0.4013071895424837 0.022058823529411766 0.05751633986928104
0 0.9606617647058824 0.26862745098039215 0.019852941176470587 0.06405228758169934
0 0.9746323529411764 0.2647058823529412 0.0125 0.05620915032679739
0 0.9724264705882353 0.2522875816993464 0.015441176470588236 0.047058823529411764
0 0.9569852941176471 0.1607843137254902 0.0125 0.047058823529411764
0 0.9466911764705882 0.15163398692810456 0.01838235294117647 0.06013071895424837
0 0.9275735294117647 0.09738562091503268 0.015441176470588236 0.0457516339869281
0 0.17941176470588235 0.21568627450980393 0.014705882352941176 0.04967320261437908
0 0.23602941176470588 0.05032679738562092 0.010294117647058823 0.0457516339869281
0 0.2948529411764706 0.05620915032679739 0.020588235294117647 0.054901960784313725
0 0.3966911764705882 0.05163398692810457 0.0125 0.05359477124183006
0 0.5224264705882353 0.03790849673202614 0.0125 0.054901960784313725
0 0.618014705882353 0.11372549019607843 0.0125 0.054901960784313725
0 0.649264705882353 0.08431372549019608 0.013235294117647059 0.05359477124183006
0 0.669485294117647 0.043137254901960784 0.0125 0.05751633986928104
0 0.6485294117647059 0.022222222222222223 0.011764705882352941 0.044444444444444446
0 0.6963235294117647 0.01568627450980392 0.0058823529411764705 0.03137254901960784
0 0.7044117647058824 0.01437908496732026 0.007352941176470588 0.02875816993464052
0 0.6411764705882353 0.4019607843137255 0.014705882352941176 0.06405228758169934
0 0.6551470588235294 0.40522875816993464 0.014705882352941176 0.047058823529411764
0 0.700735294117647 0.426797385620915 0.007352941176470588 0.03529411764705882
0 0.70625 0.44248366013071894 0.0125 0.06666666666666667
