0 0.4566176470588235 0.5411764705882353 0.008823529411764706 0.04183006535947712
0 0.5121323529411764 0.5450980392156862 0.008088235294117648 0.0392156862745098
0 0.5772058823529411 0.5542483660130719 0.008823529411764706 0.0392156862745098
0 0.6191176470588236 0.5516339869281046 0.007352941176470588 0.036601307189542485
0 0.7150735294117647 0.8745098039215686 0.022794117647058822 0.054901960784313725
0 0.7095588235294118 0.7627450980392156 0.013235294117647059 0.05620915032679739
0 0.6915441176470588 0.7549019607843137 0.015441176470588236 0.030065359477124184
0 0.6845588235294118 0.596078431372549 0.011764705882352941 0.026143790849673203
0 0.6551470588235294 0.5699346405228758 0.010294117647058823 0.023529411764705882
0 0.6448529411764706 0.561437908496732 0.011764705882352941 0.027450980392156862
0 0.6345588235294117 0.5562091503267974 0.008823529411764706 0.02483660130718954
0 0.7132352941176471 0.5816993464052288 0.008823529411764706 0.026143790849673203
0 0.7047794117647059 0.5816993464052288 0.008088235294117648 0.02091503267973856
0 0.6966911764705882 0.5797385620915033 0.006617647058823529 0.0196078431372549
0 0.6643382352941176 0.545751633986928 0.008088235294117648 0.022222222222222223
0 0.6834558823529412 0.5398692810457516 0.008088235294117648 0.03398692810457516
0 0.7522058823529412 0.5856209150326798 0.010294117647058823 0.0392156862745098
0 0.675 0.5790849673202615 0.008823529411764706 0.0392156862745098
0 0.5897058823529412 0.5450980392156862 0.011764705882352941 0.026143790849673203
0 0.5194852941176471 0.5202614379084968 0.006617647058823529 0.0392156862745098
0 0.5106617647058823 0.5117647058823529 0.006617647058823529 0.03529411764705882
0 0.5051470588235294 0.4915032679738562 0.007352941176470588 0.036601307189542485
0 0.5147058823529411 0.47058823529411764 0.007352941176470588 0.03398692810457516
0 0.4974264705882353 0.42810457516339867 0.005147058823529412 0.030065359477124184
0 0.44375 0.46143790849673205 0.008088235294117648 0.03398692810457516
0 0.4904411764705882 0.465359477124183 0.007352941176470588 0.023529411764705882
0 0.3341911764705882 0.44640522875816996 0.008088235294117648 0.03790849673202614
0 0.27683823529411766 0.5490196078431373 0.009558823529411765 0.047058823529411764
0 0.37279411764705883 0.38169934640522873 0.0058823529411764705 0.02875816993464052
0 0.38529411764705884 0.3137254901960784 0.004411764705882353 0.023529411764705882
0 0.37573529411764706 0.31699346405228757 0.004411764705882353 0.027450980392156862
0 0.47352941176470587 0.3045751633986928 0.004411764705882353 0.02091503267973856
0 0.4702205882352941 0.26666666666666666 0.003676470588235294 0.02091503267973856
0 0.4738970588235294 0.2581699346405229 0.003676470588235294 0.01699346405228758
0 0.46911764705882353 0.2045751633986928 0.0029411764705882353 0.01437908496732026
0 0.4338235294117647 0.20784313725490197 0.004411764705882353 0.013071895424836602
0 0.4147058823529412 0.21372549019607842 0.0029411764705882353 0.01437908496732026
0 0.4088235294117647 0.21372549019607842 0.0029411764705882353 0.011764705882352941
0 0.4113970588235294 0.2130718954248366 0.003676470588235294 0.013071895424836602
0 0.4606617647058823 0.3111111111111111 0.006617647058823529 0.018300653594771243
0 0.475 0.2830065359477124 0.0029411764705882353 0.0196078431372549
0 0.5610294117647059 0.4437908496732026 0.0058823529411764705 0.030065359477124184
0 0.65625 0.5 0.008088235294117648 0.022222222222222223
0 0.49411764705882355 0.2973856209150327 0.004411764705882353 0.0196078431372549
0 0.48161764705882354 0.24705882352941178 0.0029411764705882353 0.018300653594771243
0 0.48676470588235293 0.23594771241830065 0.0029411764705882353 0.01437908496732026
0 0.4290441176470588 0.1437908496732026 0.0022058823529411764 0.01045751633986928
0 0.425 0.1522875816993464 0.0014705882352941176 0.009150326797385621
0 0.4224264705882353 0.15751633986928104 0.0022058823529411764 0.009150326797385621
0 0.4566176470588235 0.16993464052287582 0.0029411764705882353 0.013071895424836602
0 0.44632352941176473 0.16666666666666666 0.0014705882352941176 0.011764705882352941
0 0.4360294117647059 0.1843137254901961 0.0029411764705882353 0.013071895424836602
0 0.4253676470588235 0.17450980392156862 0.0022058823529411764 0.009150326797385621
0 0.47316176470588234 0.1830065359477124 0.0022058823529411764 0.01045751633986928
0 0.4698529411764706 0.16732026143790849 0.0029411764705882353 0.013071895424836602
0 0.46801470588235294 0.19477124183006536 0.0022058823529411764 0.01568627450980392
0 0.4511029411764706 0.18627450980392157 0.0022058823529411764 0.011764705882352941
0 0.40808823529411764 0.24313725490196078 0.004411764705882353 0.018300653594771243
0 0.45992647058823527 0.24248366013071895 0.0022058823529411764 0.011764705882352941
0 0.5602941176470588 0.3333333333333333 0.007352941176470588 0.01568627450980392
0 0.6220588235294118 0.5143790849673202 0.0058823529411764705 0.03529411764705882
0 0.6113970588235295 0.5248366013071896 0.006617647058823529 0.02483660130718954
0 0.5617647058823529 0.5392156862745098 0.007352941176470588 0.027450980392156862
0 0.49963235294117647 0.3718954248366013 0.003676470588235294 0.02483660130718954
0 0.5040441176470588 0.35947712418300654 0.003676470588235294 0.026143790849673203
0 0.2213235294117647 0.5784313725490197 0.007352941176470588 0.040522875816993466
0 0.18566176470588236 0.5411764705882353 0.0125 0.047058823529411764
0 0.15220588235294116 0.5 0.011764705882352941 0.048366013071895426
0 0.18639705882352942 0.46601307189542485 0.009558823529411765 0.043137254901960784
0 0.0055147058823529415 0.5732026143790849 0.011029411764705883 0.040522875816993466
