0 0.55 0.7666666666666667 0.010416666666666666 0.037037037037037035
0 0.4041666666666667 0.6967592592592593 0.010416666666666666 0.03425925925925926
0 0.42291666666666666 0.6930555555555555 0.010416666666666666 0.030555555555555555
0 0.42265625 0.700925925925926 0.011979166666666667 0.037037037037037035
0 0.5203125 0.7092592592592593 0.009375 0.02962962962962963
0 0.5388020833333333 0.712037037037037 0.008854166666666666 0.03148148148148148
0 0.5411458333333333 0.6662037037037037 0.008333333333333333 0.032407407407407406
0 0.5203125 0.6337962962962963 0.009375 0.023148148148148147
0 0.5197916666666667 0.637962962962963 0.009375 0.027777777777777776
0 0.40729166666666666 0.5842592592592593 0.007291666666666667 0.025925925925925925
0 0.4783854166666667 0.5083333333333333 0.0067708333333333336 0.020370370370370372
0 0.49296875 0.46435185185185185 0.0067708333333333336 0.019444444444444445
0 0.4895833333333333 0.4666666666666667 0.005208333333333333 0.014814814814814815
0 0.5041666666666667 0.43287037037037035 0.004166666666666667 0.012037037037037037
0 0.509375 0.43425925925925923 0.005208333333333333 0.014814814814814815
0 0.5088541666666667 0.4356481481481482 0.005208333333333333 0.01574074074074074
0 0.515625 0.45925925925925926 0.00625 0.014814814814814815
0 0.5322916666666667 0.4078703703703704 0.003125 0.019444444444444445
0 0.5361979166666667 0.4064814814814815 0.0036458333333333334 0.018518518518518517
0 0.5307291666666667 0.40694444444444444 0.003125 0.019444444444444445
0 0.5190104166666667 0.3976851851851852 0.0036458333333333334 0.012037037037037037
0 0.5171875 0.3819444444444444 0.004166666666666667 0.013888888888888888
0 0.5213541666666667 0.387037037037037 0.004166666666666667 0.016666666666666666
0 0.45364583333333336 0.3560185185185185 0.004166666666666667 0.012037037037037037
0 0.85 0.887962962962963 0.013541666666666667 0.05185185185185185
0 0.8403645833333333 0.9111111111111111 0.0140625 0.037037037037037035
0 0.83046875 0.9236111111111112 0.0140625 0.030555555555555555
0 0.8216145833333334 0.9018518518518519 0.011979166666666667 0.025925925925925925
0 0.8049479166666667 0.9041666666666667 0.011979166666666667 0.025
0 0.81328125 0.9180555555555555 0.016145833333333335 0.041666666666666664
0 0.7692708333333333 0.7462962962962963 0.014583333333333334 0.044444444444444446
0 0.77578125 0.7569444444444444 0.0140625 0.03796296296296296
0 0.48541666666666666 0.33425925925925926 0.003125 0.012962962962962963
0 0.49609375 0.33796296296296297 0.0026041666666666665 0.011111111111111112
