0 0.8172794117647059 0.465359477124183 0.02426470588235294 0.06013071895424837
0 0.8084558823529412 0.5202614379084968 0.013970588235294118 0.06013071895424837
0 0.7875 0.48169934640522877 0.01911764705882353 0.0457516339869281
0 0.694485294117647 0.3784313725490196 0.013970588235294118 0.043137254901960784
0 0.6540441176470588 0.37973856209150325 0.015441176470588236 0.040522875816993466
0 0.4753676470588235 0.6209150326797386 0.01838235294117647 0.054901960784313725
0 0.49301470588235297 0.5647058823529412 0.015441176470588236 0.0392156862745098
0 0.5080882352941176 0.561437908496732 0.011764705882352941 0.043137254901960784
0 0.5147058823529411 0.5202614379084968 0.013235294117647059 0.047058823529411764
0 0.5268382352941177 0.5228758169934641 0.016911764705882352 0.03137254901960784
0 0.544485294117647 0.5058823529411764 0.015441176470588236 0.05751633986928104
0 0.5683823529411764 0.5065359477124183 0.014705882352941176 0.048366013071895426
0 0.3738970588235294 0.5398692810457516 0.016911764705882352 0.0392156862745098
0 0.35110294117647056 0.5222222222222223 0.01838235294117647 0.03790849673202614
0 0.3352941176470588 0.4797385620915033 0.01911764705882353 0.05228758169934641
0 0.34558823529411764 0.4261437908496732 0.014705882352941176 0.036601307189542485
0 0.3724264705882353 0.39019607843137255 0.01838235294117647 0.06143790849673202
0 0.23272058823529412 0.5830065359477125 0.021323529411764706 0.0392156862745098
0 0.1386029411764706 0.5725490196078431 0.022794117647058822 0.07058823529411765
0 0.1610294117647059 0.4947712418300654 0.020588235294117647 0.06928104575163399
0 0.1488970588235294 0.5222222222222223 0.022794117647058822 0.06666666666666667
0 0.14816176470588235 0.5490196078431373 0.027205882352941177 0.06797385620915032
0 0.2908088235294118 0.4111111111111111 0.013970588235294118 0.06143790849673202
0 0.3044117647058823 0.4130718954248366 0.014705882352941176 0.05751633986928104
0 0.3161764705882353 0.40784313725490196 0.014705882352941176 0.06274509803921569
0 0.15955882352941175 0.4111111111111111 0.01911764705882353 0.06143790849673202
0 0.12169117647058823 0.44509803921568625 0.022794117647058822 0.06666666666666667
0 0.10882352941176471 0.4588235294117647 0.01764705882352941 0.036601307189542485
0 0.07683823529411765 0.4562091503267974 0.022794117647058822 0.06535947712418301
0 0.08529411764705883 0.42483660130718953 0.016176470588235296 0.054901960784313725
0 0.44191176470588234 0.11699346405228758 0.011764705882352941 0.043137254901960784
0 0.05772058823529412 0.022222222222222223 0.011029411764705883 0.02875816993464052
0 0.04926470588235294 0.01895424836601307 0.011764705882352941 0.03790849673202614
0 0.3261029411764706 0.06993464052287582 0.009558823529411765 0.03529411764705882
0 0.3327205882352941 0.07254901960784314 0.008088235294117648 0.030065359477124184
0 0.53125 0.047058823529411764 0.009558823529411765 0.02875816993464052
