0 0.9841911764705882 0.888235294117647 0.030147058823529412 0.08235294117647059
0 0.24448529411764705 0.3405228758169935 0.009558823529411765 0.0457516339869281
0 0.2893382352941177 0.3352941176470588 0.013970588235294118 0.043137254901960784
0 0.4022058823529412 0.5313725490196078 0.014705882352941176 0.06405228758169934
0 0.4158088235294118 0.5339869281045752 0.013970588235294118 0.06405228758169934
0 0.4386029411764706 0.5392156862745098 0.015441176470588236 0.06666666666666667
0 0.41801470588235295 0.4418300653594771 0.01838235294117647 0.047058823529411764
0 0.5926470588235294 0.5594771241830065 0.020588235294117647 0.06797385620915032
0 0.5430147058823529 0.2803921568627451 0.006617647058823529 0.040522875816993466
0 0.5496323529411765 0.28431372549019607 0.011029411764705883 0.0457516339869281
0 0.5569852941176471 0.23529411764705882 0.008088235294117648 0.04183006535947712
0 0.5647058823529412 0.2326797385620915 0.007352941176470588 0.0392156862745098
0 0.5588235294117647 0.2679738562091503 0.0058823529411764705 0.03137254901960784
0 0.5617647058823529 0.26405228758169935 0.007352941176470588 0.026143790849673203
0 0.6371323529411764 0.2633986928104575 0.011029411764705883 0.043137254901960784
0 0.6606617647058823 0.21176470588235294 0.008088235294117648 0.03398692810457516
0 0.6397058823529411 0.17973856209150327 0.007352941176470588 0.027450980392156862
0 0.6875 0.4947712418300654 0.01764705882352941 0.06143790849673202
0 0.7029411764705882 0.48562091503267973 0.013235294117647059 0.048366013071895426
0 0.7029411764705882 0.46601307189542485 0.010294117647058823 0.048366013071895426
0 0.8158088235294118 0.32679738562091504 0.0125 0.044444444444444446
0 0.8198529411764706 0.338562091503268 0.013235294117647059 0.04183006535947712
