0 0.007720588235294118 0.17712418300653596 0.015441176470588236 0.05620915032679739
0 0.07022058823529412 0.1784313725490196 0.01838235294117647 0.05359477124183006
0 0.18345588235294116 0.1895424836601307 0.011029411764705883 0.054901960784313725
0 0.20036764705882354 0.17777777777777778 0.011029411764705883 0.054901960784313725
0 0.10183823529411765 0.17516339869281045 0.016911764705882352 0.04967320261437908
0 0.28308823529411764 0.2065359477124183 0.016176470588235296 0.05751633986928104
0 0.38823529411764707 0.2222222222222222 0.016176470588235296 0.05751633986928104
0 0.3533088235294118 0.11176470588235295 0.008088235294117648 0.022222222222222223
0 0.30330882352941174 0.16797385620915034 0.016911764705882352 0.05359477124183006
0 0.3154411764705882 0.08888888888888889 0.008823529411764706 0.04967320261437908
0 0.34191176470588236 0.09281045751633987 0.008823529411764706 0.054901960784313725
0 0.3264705882352941 0.08496732026143791 0.008823529411764706 0.054901960784313725
0 0.31875 0.08431372549019608 0.008088235294117648 0.05620915032679739
0 0.6474264705882353 0.3359477124183007 0.027205882352941177 0.08366013071895424
0 0.31286764705882353 0.01045751633986928 0.009558823529411765 0.02091503267973856
0 0.35661764705882354 0.01699346405228758 0.008823529411764706 0.03398692810457516
0 0.41911764705882354 0.04379084967320261 0.010294117647058823 0.030065359477124184
0 0.48051470588235295 0.05751633986928104 0.008088235294117648 0.036601307189542485
0 0.5863970588235294 0.40326797385620916 0.01838235294117647 0.07450980392156863
0 0.5761029411764705 0.3712418300653595 0.021323529411764706 0.07581699346405228
0 0.9805147058823529 0.42745098039215684 0.021323529411764706 0.08104575163398693
0 0.8628676470588236 0.12549019607843137 0.015441176470588236 0.06013071895424837
0 0.9404411764705882 0.17647058823529413 0.013235294117647059 0.06013071895424837
0 0.955514705882353 0.1758169934640523 0.013970588235294118 0.05359477124183006
0 0.9863970588235295 0.20392156862745098 0.015441176470588236 0.054901960784313725
0 0.9632352941176471 0.12941176470588237 0.011764705882352941 0.05228758169934641
0 0.9352941176470588 0.12156862745098039 0.013235294117647059 0.05228758169934641
0 0.9466911764705882 0.12810457516339868 0.011029411764705883 0.054901960784313725
0 0.9566176470588236 0.12745098039215685 0.008823529411764706 0.05620915032679739
0 0.8996323529411765 0.1300653594771242 0.0125 0.03529411764705882
0 0.9319852941176471 0.1477124183006536 0.0125 0.03137254901960784
0 0.93125 0.14640522875816994 0.0125 0.03137254901960784
0 0.9106617647058823 0.15947712418300652 0.01838235294117647 0.04183006535947712
