0 0.95 0.22875816993464052 0.013235294117647059 0.04967320261437908
0 0.6893382352941176 0.3058823529411765 0.011029411764705883 0.04967320261437908
0 0.7113970588235294 0.4542483660130719 0.022794117647058822 0.06143790849673202
0 0.59375 0.3738562091503268 0.009558823529411765 0.05751633986928104
0 0.6088235294117647 0.3993464052287582 0.014705882352941176 0.05359477124183006
0 0.5496323529411765 0.596078431372549 0.011029411764705883 0.06535947712418301
0 0.5198529411764706 0.6058823529411764 0.016176470588235296 0.0718954248366013
0 0.5077205882352941 0.6294117647058823 0.015441176470588236 0.07712418300653595
0 0.4948529411764706 0.43790849673202614 0.011764705882352941 0.044444444444444446
0 0.46139705882352944 0.3758169934640523 0.009558823529411765 0.048366013071895426
0 0.45294117647058824 0.41241830065359475 0.008823529411764706 0.05620915032679739
0 0.45808823529411763 0.42026143790849674 0.008823529411764706 0.050980392156862744
0 0.4202205882352941 0.44575163398692813 0.008088235294117648 0.04183006535947712
0 0.43786764705882353 0.4437908496732026 0.013970588235294118 0.058823529411764705
0 0.45625 0.5261437908496732 0.0125 0.06666666666666667
0 0.4455882352941177 0.538562091503268 0.013235294117647059 0.07320261437908497
0 0.4345588235294118 0.5235294117647059 0.014705882352941176 0.0718954248366013
0 0.43125 0.5398692810457516 0.013970588235294118 0.06535947712418301
0 0.3272058823529412 0.46862745098039216 0.014705882352941176 0.05620915032679739
0 0.3628676470588235 0.703921568627451 0.025735294117647058 0.050980392156862744
0 0.2867647058823529 0.49019607843137253 0.010294117647058823 0.036601307189542485
0 0.2665441176470588 0.5065359477124183 0.019852941176470587 0.06143790849673202
0 0.27683823529411766 0.503921568627451 0.013970588235294118 0.058823529411764705
0 0.2639705882352941 0.492156862745098 0.011764705882352941 0.06405228758169934
0 0.27095588235294116 0.47843137254901963 0.0125 0.06274509803921569
0 0.2426470588235294 0.40326797385620916 0.014705882352941176 0.058823529411764705
0 0.2338235294117647 0.40522875816993464 0.013235294117647059 0.05751633986928104
0 0.11985294117647059 0.4993464052287582 0.020588235294117647 0.07058823529411765
0 0.16948529411764707 0.3084967320261438 0.0125 0.05228758169934641
0 0.18382352941176472 0.330718954248366 0.013235294117647059 0.04967320261437908
0 0.11176470588235295 0.307843137254902 0.011764705882352941 0.050980392156862744
0 0.04779411764705882 0.2673202614379085 0.014705882352941176 0.05620915032679739
0 0.06875 0.2196078431372549 0.016911764705882352 0.04967320261437908
0 0.09448529411764706 0.23529411764705882 0.011029411764705883 0.04967320261437908
0 0.4588235294117647 0.18627450980392157 0.014705882352941176 0.040522875816993466
0 0.5161764705882353 0.19084967320261437 0.013235294117647059 0.04183006535947712
0 0.43419117647058825 0.1869281045751634 0.011029411764705883 0.0392156862745098
0 0.34411764705882353 0.18104575163398692 0.013235294117647059 0.027450980392156862
0 0.3246323529411765 0.17908496732026144 0.009558823529411765 0.036601307189542485
0 0.3044117647058823 0.17647058823529413 0.013235294117647059 0.03398692810457516
