0 0.5075520833333333 0.9796296296296296 0.013020833333333334 0.03888888888888889
0 0.5213541666666667 0.9268518518518518 0.011458333333333333 0.06296296296296296
0 0.6268229166666667 0.9893518518518518 0.011979166666666667 0.021296296296296296
0 0.59609375 0.8958333333333334 0.013020833333333334 0.05462962962962963
0 0.6078125 0.8763888888888889 0.011458333333333333 0.030555555555555555
0 0.7286458333333333 0.975925925925926 0.01875 0.046296296296296294
0 0.5015625 0.7185185185185186 0.009375 0.03518518518518519
0 0.39869791666666665 0.8490740740740741 0.0067708333333333336 0.025925925925925925
0 0.4 0.8439814814814814 0.009375 0.03796296296296296
0 0.3734375 0.8513888888888889 0.013541666666666667 0.03981481481481482
0 0.39296875 0.5388888888888889 0.0067708333333333336 0.037037037037037035
0 0.40390625 0.6212962962962963 0.008854166666666666 0.025925925925925925
0 0.43203125 0.5967592592592592 0.0067708333333333336 0.021296296296296296
0 0.5752604166666667 0.6689814814814815 0.0067708333333333336 0.04351851851851852
0 0.5700520833333333 0.6662037037037037 0.0078125 0.04351851851851852
0 0.57109375 0.5148148148148148 0.0067708333333333336 0.03333333333333333
0 0.54453125 0.5574074074074075 0.0067708333333333336 0.03148148148148148
0 0.41848958333333336 0.4675925925925926 0.005729166666666666 0.03148148148148148
0 0.41380208333333335 0.4689814814814815 0.005729166666666666 0.026851851851851852
0 0.5330729166666667 0.41064814814814815 0.0036458333333333334 0.01574074074074074
0 0.540625 0.4162037037037037 0.003125 0.019444444444444445
0 0.43125 0.3907407407407407 0.004166666666666667 0.018518518518518517
0 0.1515625 0.3282407407407407 0.003125 0.012037037037037037
0 0.15390625 0.32916666666666666 0.0036458333333333334 0.013888888888888888
0 0.31276041666666665 0.3486111111111111 0.005729166666666666 0.017592592592592594
0 0.346875 0.3592592592592593 0.005208333333333333 0.020370370370370372
0 0.4557291666666667 0.31666666666666665 0.004166666666666667 0.014814814814814815
0 0.4088541666666667 0.3074074074074074 0.004166666666666667 0.020370370370370372
0 0.42994791666666665 0.24166666666666667 0.0015625 0.011111111111111112
0 0.4322916666666667 0.24212962962962964 0.0020833333333333333 0.010185185185185186
0 0.4244791666666667 0.2662037037037037 0.003125 0.010185185185185186
0 0.4348958333333333 0.2662037037037037 0.003125 0.012037037037037037
0 0.44192708333333336 0.2611111111111111 0.0026041666666666665 0.009259259259259259
0 0.4546875 0.24675925925925926 0.003125 0.008333333333333333
0 0.44583333333333336 0.1685185185185185 0.0020833333333333333 0.007407407407407408
0 0.44817708333333334 0.16898148148148148 0.0026041666666666665 0.008333333333333333
0 0.44869791666666664 0.20879629629629629 0.0026041666666666665 0.006481481481481481
0 0.6294270833333333 0.7930555555555555 0.011979166666666667 0.025
0 0.6434895833333333 0.7949074074074074 0.011979166666666667 0.030555555555555555
0 0.6450520833333333 0.7708333333333334 0.008854166666666666 0.025
0 0.6494791666666667 0.7537037037037037 0.011458333333333333 0.022222222222222223
0 0.6216145833333333 0.7574074074074074 0.011979166666666667 0.03148148148148148
0 0.6403645833333333 0.7189814814814814 0.0109375 0.030555555555555555
0 0.6575520833333334 0.7092592592592593 0.009895833333333333 0.03333333333333333
0 0.6864583333333333 0.787962962962963 0.008333333333333333 0.04814814814814815
0 0.4921875 0.16944444444444445 0.0020833333333333333 0.009259259259259259
0 0.4796875 0.18101851851851852 0.0020833333333333333 0.004629629629629629
0 0.48151041666666666 0.2023148148148148 0.0026041666666666665 0.006481481481481481
0 0.4869791666666667 0.2310185185185185 0.003125 0.008333333333333333
0 0.49114583333333334 0.23148148148148148 0.0020833333333333333 0.007407407407407408
0 0.49557291666666664 0.21805555555555556 0.0026041666666666665 0.013888888888888888
0 0.4973958333333333 0.21898148148148147 0.003125 0.013888888888888888
0 0.50703125 0.25601851851851853 0.0026041666666666665 0.013888888888888888
0 0.5088541666666667 0.25601851851851853 0.003125 0.012037037037037037
0 0.5114583333333333 0.2569444444444444 0.0020833333333333333 0.01574074074074074
0 0.515625 0.26435185185185184 0.003125 0.012037037037037037
0 0.5213541666666667 0.27870370370370373 0.004166666666666667 0.012962962962962963
0 0.5106770833333333 0.287962962962963 0.0026041666666666665 0.009259259259259259
0 0.5125 0.3101851851851852 0.003125 0.011111111111111112
0 0.496875 0.2712962962962963 0.003125 0.009259259259259259
0 0.50625 0.27546296296296297 0.0020833333333333333 0.006481481481481481
0 0.5057291666666667 0.2726851851851852 0.0020833333333333333 0.006481481481481481
0 0.5005208333333333 0.2875 0.003125 0.008333333333333333
0 0.50078125 0.2851851851851852 0.0026041666666666665 0.011111111111111112
