0 0.8238970588235294 0.06405228758169934 0.008088235294117648 0.03398692810457516
0 0.7709558823529412 0.18562091503267975 0.013970588235294118 0.036601307189542485
0 0.8095588235294118 0.25555555555555554 0.014705882352941176 0.03790849673202614
0 0.8889705882352941 0.22418300653594772 0.013235294117647059 0.043137254901960784
0 0.9691176470588235 0.37254901960784315 0.014705882352941176 0.03137254901960784
0 0.9569852941176471 0.47843137254901963 0.016911764705882352 0.04183006535947712
0 0.9669117647058824 0.46078431372549017 0.016176470588235296 0.058823529411764705
0 0.9772058823529411 0.4718954248366013 0.011764705882352941 0.05751633986928104
0 0.9680147058823529 0.6660130718954248 0.022794117647058822 0.058823529411764705
0 0.9919117647058824 0.7352941176470589 0.016176470588235296 0.07450980392156863
0 0.8588235294117647 0.657516339869281 0.020588235294117647 0.04967320261437908
0 0.950735294117647 0.581045751633987 0.01911764705882353 0.058823529411764705
0 0.9393382352941176 0.5431372549019607 0.021323529411764706 0.06143790849673202
0 0.8735294117647059 0.5163398692810458 0.014705882352941176 0.06535947712418301
0 0.8621323529411765 0.5130718954248366 0.016911764705882352 0.058823529411764705
0 0.8360294117647059 0.4823529411764706 0.016176470588235296 0.054901960784313725
0 0.8455882352941176 0.4300653594771242 0.013235294117647059 0.04967320261437908
0 0.8783088235294118 0.44575163398692813 0.01838235294117647 0.054901960784313725
0 0.8926470588235295 0.44901960784313727 0.01764705882352941 0.06143790849673202
0 0.10183823529411765 0.6816993464052288 0.022794117647058822 0.048366013071895426
0 0.1338235294117647 0.6509803921568628 0.013235294117647059 0.06535947712418301
0 0.16066176470588237 0.6686274509803921 0.019852941176470587 0.06405228758169934
0 0.17830882352941177 0.6359477124183006 0.019852941176470587 0.06143790849673202
0 0.19411764705882353 0.6411764705882353 0.01764705882352941 0.06928104575163399
0 0.1463235294117647 0.5633986928104575 0.020588235294117647 0.04183006535947712
0 0.16433823529411765 0.5686274509803921 0.015441176470588236 0.0392156862745098
0 0.18933823529411764 0.5686274509803921 0.016911764705882352 0.0392156862745098
0 0.20441176470588235 0.565359477124183 0.016176470588235296 0.03790849673202614
0 0.2202205882352941 0.5594771241830065 0.01838235294117647 0.044444444444444446
0 0.24926470588235294 0.5529411764705883 0.01911764705882353 0.044444444444444446
0 0.22904411764705881 0.5294117647058824 0.013970588235294118 0.03398692810457516
0 0.07573529411764705 0.515032679738562 0.01764705882352941 0.0392156862745098
0 0.08786764705882352 0.5261437908496732 0.013970588235294118 0.02483660130718954
0 0.0974264705882353 0.5202614379084968 0.013970588235294118 0.02875816993464052
0 0.11397058823529412 0.5026143790849673 0.01911764705882353 0.040522875816993466
0 0.11360294117647059 0.465359477124183 0.015441176470588236 0.02875816993464052
0 0.22426470588235295 0.46601307189542485 0.016176470588235296 0.03529411764705882
0 0.35073529411764703 0.4666666666666667 0.014705882352941176 0.06013071895424837
0 0.34963235294117645 0.2758169934640523 0.009558823529411765 0.047058823529411764
0 0.36617647058823527 0.2823529411764706 0.010294117647058823 0.054901960784313725
0 0.37316176470588236 0.2830065359477124 0.009558823529411765 0.048366013071895426
0 0.36875 0.2725490196078431 0.008088235294117648 0.050980392156862744
0 0.3625 0.2751633986928105 0.008823529411764706 0.040522875816993466
0 0.4117647058823529 0.28954248366013075 0.008823529411764706 0.040522875816993466
0 0.6202205882352941 0.33790849673202616 0.011029411764705883 0.050980392156862744
0 0.5367647058823529 0.03529411764705882 0.0058823529411764705 0.02875816993464052
0 0.4922794117647059 0.16797385620915034 0.011029411764705883 0.03529411764705882
