0 0.5003676470588235 0.7849673202614379 0.01838235294117647 0.06666666666666667
0 0.19448529411764706 0.4620915032679739 0.015441176470588236 0.05359477124183006
0 0.11764705882352941 0.0803921568627451 0.010294117647058823 0.032679738562091505
0 0.1738970588235294 0.10130718954248366 0.009558823529411765 0.032679738562091505
0 0.17279411764705882 0.09477124183006536 0.008823529411764706 0.02483660130718954
0 0.8202205882352941 0.7058823529411765 0.016911764705882352 0.06535947712418301
0 0.9433823529411764 0.550326797385621 0.020588235294117647 0.06274509803921569
0 0.9470588235294117 0.41830065359477125 0.022058823529411766 0.0392156862745098
0 0.9922794117647059 0.28366013071895424 0.015441176470588236 0.03398692810457516
0 0.9558823529411765 0.13986928104575164 0.010294117647058823 0.03137254901960784
0 0.9602941176470589 0.13594771241830064 0.008823529411764706 0.03137254901960784
0 0.40845588235294117 0.038562091503267976 0.0125 0.030065359477124184
0 0.5113970588235294 0.09019607843137255 0.006617647058823529 0.03398692810457516
0 0.5183823529411765 0.0934640522875817 0.0058823529411764705 0.030065359477124184
0 0.5272058823529412 0.09084967320261438 0.0058823529411764705 0.03790849673202614
0 0.49301470588235297 0.016339869281045753 0.006617647058823529 0.030065359477124184
0 0.49926470588235294 0.01437908496732026 0.0058823529411764705 0.026143790849673203
0 0.5911764705882353 0.17450980392156862 0.007352941176470588 0.040522875816993466
0 0.5974264705882353 0.1718954248366013 0.006617647058823529 0.03790849673202614
