0 0.7172794117647059 0.7816993464052288 0.009558823529411765 0.00784313725490196
0 0.7253676470588235 0.7490196078431373 0.005147058823529412 0.01045751633986928
0 0.7286764705882353 0.7620915032679738 0.0058823529411764705 0.00784313725490196
0 0.5334558823529412 0.8673202614379085 0.006617647058823529 0.011764705882352941
0 0.5496323529411765 0.8581699346405228 0.005147058823529412 0.006535947712418301
0 0.4915441176470588 0.9026143790849673 0.005147058823529412 0.011764705882352941
0 0.5128676470588235 0.5326797385620915 0.005147058823529412 0.011764705882352941
0 0.32426470588235295 0.7156862745098039 0.007352941176470588 0.01437908496732026
0 0.005147058823529412 0.0738562091503268 0.010294117647058823 0.011764705882352941
0 0.1738970588235294 0.10261437908496732 0.008088235294117648 0.011764705882352941
0 0.3375 0.02679738562091503 0.0058823529411764705 0.01437908496732026
0 0.24080882352941177 0.016339869281045753 0.005147058823529412 0.01437908496732026
0 0.4139705882352941 0.013071895424836602 0.0029411764705882353 0.018300653594771243
0 0.41544117647058826 0.026143790849673203 0.0058823529411764705 0.01568627450980392
0 0.4202205882352941 0.02875816993464052 0.003676470588235294 0.013071895424836602
0 0.5966911764705882 0.00980392156862745 0.005147058823529412 0.009150326797385621
0 0.6522058823529412 0.06405228758169934 0.008823529411764706 0.01568627450980392
0 0.993014705882353 0.30196078431372547 0.0125 0.01045751633986928
0 0.9944852941176471 0.29411764705882354 0.011029411764705883 0.01045751633986928
0 0.6011029411764706 0.5019607843137255 0.005147058823529412 0.01045751633986928
0 0.5073529411764706 0.47516339869281043 0.004411764705882353 0.011764705882352941
0 0.5073529411764706 0.31699346405228757 0.0058823529411764705 0.011764705882352941
0 0.23823529411764705 0.1450980392156863 0.008823529411764706 0.01568627450980392
0 0.5466911764705882 0.23137254901960785 0.005147058823529412 0.013071895424836602
0 0.5253676470588236 0.2084967320261438 0.006617647058823529 0.011764705882352941
0 0.5202205882352942 0.26143790849673204 0.005147058823529412 0.013071895424836602
0 0.5268382352941177 0.26666666666666666 0.006617647058823529 0.02091503267973856
