0 0.6948529411764706 0.7137254901960784 0.01764705882352941 0.054901960784313725
0 0.3863970588235294 0.7372549019607844 0.013970588235294118 0.054901960784313725
0 0.34301470588235294 0.7339869281045751 0.009558823529411765 0.043137254901960784
0 0.3426470588235294 0.7287581699346405 0.01764705882352941 0.058823529411764705
0 0.5183823529411765 0.37450980392156863 0.008823529411764706 0.027450980392156862
0 0.5169117647058824 0.36666666666666664 0.007352941176470588 0.032679738562091505
0 0.6860294117647059 0.31895424836601305 0.007352941176470588 0.03398692810457516
0 0.5882352941176471 0.052941176470588235 0.004411764705882353 0.02483660130718954
0 0.575 0.05816993464052288 0.004411764705882353 0.02483660130718954
0 0.5044117647058823 0.0738562091503268 0.004411764705882353 0.0196078431372549
0 0.45955882352941174 0.0915032679738562 0.0058823529411764705 0.018300653594771243
0 0.4415441176470588 0.09019607843137255 0.005147058823529412 0.018300653594771243
0 0.3775735294117647 0.2549019607843137 0.006617647058823529 0.036601307189542485
0 0.37169117647058825 0.2633986928104575 0.006617647058823529 0.03529411764705882
0 0.3683823529411765 0.25163398692810457 0.004411764705882353 0.03529411764705882
0 0.38125 0.16405228758169935 0.005147058823529412 0.030065359477124184
0 0.2746323529411765 0.9052287581699346 0.025735294117647058 0.06405228758169934
0 0.2426470588235294 0.9725490196078431 0.016176470588235296 0.054901960784313725
0 0.8735294117647059 0.9464052287581699 0.025 0.05751633986928104
