0 0.6427083333333333 0.8421296296296297 0.008333333333333333 0.05277777777777778
0 0.6627604166666666 0.8245370370370371 0.0067708333333333336 0.049074074074074076
0 0.09713541666666667 0.9685185185185186 0.0171875 0.03333333333333333
0 0.08203125 0.95 0.016145833333333335 0.03148148148148148
0 0.09479166666666666 0.8486111111111111 0.013541666666666667 0.04722222222222222
0 0.13411458333333334 0.8495370370370371 0.015104166666666667 0.03425925925925926
0 0.14869791666666668 0.8490740740740741 0.0109375 0.03148148148148148
0 0.1578125 0.825462962962963 0.0125 0.025
0 0.18125 0.7722222222222223 0.0125 0.027777777777777776
0 0.19427083333333334 0.762962962962963 0.0125 0.02962962962962963
0 0.1609375 0.7296296296296296 0.009375 0.046296296296296294
0 0.1578125 0.7212962962962963 0.008333333333333333 0.018518518518518517
0 0.14270833333333333 0.749537037037037 0.008333333333333333 0.028703703703703703
0 0.20494791666666667 0.7064814814814815 0.008854166666666666 0.025925925925925925
0 0.2 0.700462962962963 0.007291666666666667 0.021296296296296296
0 0.2552083333333333 0.5680555555555555 0.008333333333333333 0.030555555555555555
0 0.23958333333333334 0.5611111111111111 0.00625 0.037037037037037035
0 0.559375 0.6703703703703704 0.00625 0.025925925925925925
0 0.5552083333333333 0.6611111111111111 0.00625 0.025925925925925925
0 0.5549479166666667 0.6773148148148148 0.0046875 0.010185185185185186
0 0.5388020833333333 0.6805555555555556 0.0078125 0.03888888888888889
0 0.44921875 0.675 0.0067708333333333336 0.020370370370370372
0 0.5278645833333333 0.6462962962962963 0.005729166666666666 0.037037037037037035
0 0.5346354166666667 0.6467592592592593 0.0067708333333333336 0.03796296296296296
0 0.42291666666666666 0.6226851851851852 0.007291666666666667 0.023148148148148147
0 0.43828125 0.6263888888888889 0.0067708333333333336 0.023148148148148147
0 0.44453125 0.6060185185185185 0.0078125 0.017592592592592594
0 0.5395833333333333 0.5592592592592592 0.007291666666666667 0.03148148148148148
0 0.5270833333333333 0.5300925925925926 0.00625 0.030555555555555555
0 0.4515625 0.5296296296296297 0.00625 0.016666666666666666
0 0.50078125 0.5037037037037037 0.005729166666666666 0.016666666666666666
0 0.5098958333333333 0.4736111111111111 0.00625 0.017592592592592594
0 0.49375 0.46620370370370373 0.004166666666666667 0.01574074074074074
0 0.47994791666666664 0.4597222222222222 0.0046875 0.01574074074074074
0 0.43723958333333335 0.46944444444444444 0.0036458333333333334 0.016666666666666666
0 0.4361979166666667 0.4050925925925926 0.0046875 0.01574074074074074
0 0.48776041666666664 0.41805555555555557 0.0036458333333333334 0.012037037037037037
0 0.4661458333333333 0.39814814814814814 0.004166666666666667 0.012962962962962963
0 0.47161458333333334 0.39444444444444443 0.0046875 0.009259259259259259
0 0.49895833333333334 0.3962962962962963 0.004166666666666667 0.018518518518518517
0 0.4895833333333333 0.3939814814814815 0.005208333333333333 0.013888888888888888
0 0.44557291666666665 0.3731481481481482 0.0036458333333333334 0.012962962962962963
0 0.4466145833333333 0.3731481481481482 0.0046875 0.012962962962962963
0 0.45 0.35648148148148145 0.0020833333333333333 0.011111111111111112
0 0.48385416666666664 0.3736111111111111 0.0020833333333333333 0.013888888888888888
0 0.4984375 0.3763888888888889 0.004166666666666667 0.019444444444444445
0 0.48463541666666665 0.362962962962963 0.0026041666666666665 0.014814814814814815
0 0.48203125 0.32083333333333336 0.0026041666666666665 0.012037037037037037
0 0.46848958333333335 0.3375 0.0026041666666666665 0.008333333333333333
0 0.4734375 0.32407407407407407 0.0020833333333333333 0.007407407407407408
0 0.4700520833333333 0.3277777777777778 0.0036458333333333334 0.007407407407407408
0 0.46927083333333336 0.3194444444444444 0.003125 0.012962962962962963
0 0.47369791666666666 0.30787037037037035 0.0026041666666666665 0.008333333333333333
0 0.45390625 0.3148148148148148 0.0026041666666666665 0.011111111111111112
0 0.440625 0.3189814814814815 0.003125 0.013888888888888888
0 0.4440104166666667 0.31296296296296294 0.0026041666666666665 0.007407407407407408
0 0.47994791666666664 0.30787037037037035 0.0026041666666666665 0.008333333333333333
0 0.4796875 0.2953703703703704 0.0020833333333333333 0.012962962962962963
0 0.4817708333333333 0.2865740740740741 0.0020833333333333333 0.012037037037037037
0 0.4747395833333333 0.26805555555555555 0.0015625 0.008333333333333333
0 0.47604166666666664 0.2675925925925926 0.0020833333333333333 0.007407407407407408
0 0.44921875 0.29583333333333334 0.0026041666666666665 0.006481481481481481
0 0.46458333333333335 0.2861111111111111 0.003125 0.007407407407407408
0 0.44557291666666665 0.29305555555555557 0.0026041666666666665 0.006481481481481481
0 0.44296875 0.2759259259259259 0.0026041666666666665 0.007407407407407408
0 0.4484375 0.2814814814814815 0.0020833333333333333 0.007407407407407408
0 0.4466145833333333 0.2777777777777778 0.0015625 0.005555555555555556
0 0.46510416666666665 0.2708333333333333 0.0020833333333333333 0.004629629629629629
0 0.46901041666666665 0.26481481481481484 0.0026041666666666665 0.005555555555555556
0 0.4630208333333333 0.26296296296296295 0.0020833333333333333 0.005555555555555556
0 0.45598958333333334 0.262037037037037 0.0015625 0.005555555555555556
