0 0.3816176470588235 0.9771241830065359 0.023529411764705882 0.0457516339869281
0 0.38823529411764707 0.4176470588235294 0.014705882352941176 0.040522875816993466
0 0.4308823529411765 0.4215686274509804 0.011764705882352941 0.05359477124183006
0 0.4658088235294118 0.33398692810457514 0.009558823529411765 0.043137254901960784
0 0.2735294117647059 0.2496732026143791 0.008823529411764706 0.04183006535947712
0 0.325 0.16732026143790849 0.007352941176470588 0.036601307189542485
0 0.33125 0.1627450980392157 0.006617647058823529 0.03529411764705882
0 0.45073529411764707 0.09738562091503268 0.007352941176470588 0.03529411764705882
0 0.44227941176470587 0.09934640522875816 0.006617647058823529 0.03398692810457516
0 0.5452205882352941 0.06274509803921569 0.006617647058823529 0.02875816993464052
0 0.30183823529411763 0.13398692810457516 0.009558823529411765 0.02483660130718954
0 0.32941176470588235 0.07450980392156863 0.010294117647058823 0.036601307189542485
