0 0.33125 0.9209150326797385 0.015441176470588236 0.07712418300653595
0 0.5871323529411765 0.7183006535947712 0.015441176470588236 0.06928104575163399
0 0.6095588235294118 0.7254901960784313 0.014705882352941176 0.07058823529411765
0 0.37941176470588234 0.6542483660130719 0.016176470588235296 0.058823529411764705
0 0.3639705882352941 0.6176470588235294 0.010294117647058823 0.058823529411764705
0 0.34411764705882353 0.49411764705882355 0.011764705882352941 0.04967320261437908
0 0.5702205882352941 0.4869281045751634 0.011029411764705883 0.048366013071895426
0 0.5775735294117647 0.48823529411764705 0.008088235294117648 0.043137254901960784
0 0.6286764705882353 0.4287581699346405 0.008823529411764706 0.044444444444444446
0 0.6577205882352941 0.33137254901960783 0.0125 0.0457516339869281
0 0.6724264705882353 0.35228758169934643 0.009558823529411765 0.03529411764705882
0 0.1588235294117647 0.41633986928104577 0.013235294117647059 0.043137254901960784
0 0.3628676470588235 0.3581699346405229 0.008088235294117648 0.047058823529411764
0 0.45183823529411765 0.34509803921568627 0.006617647058823529 0.026143790849673203
0 0.4536764705882353 0.3359477124183007 0.010294117647058823 0.02875816993464052
0 0.375 0.3366013071895425 0.008823529411764706 0.0457516339869281
0 0.6639705882352941 0.265359477124183 0.007352941176470588 0.03398692810457516
0 0.5003676470588235 0.12679738562091503 0.005147058823529412 0.023529411764705882
0 0.4238970588235294 0.12418300653594772 0.005147058823529412 0.023529411764705882
0 0.4455882352941177 0.048366013071895426 0.004411764705882353 0.018300653594771243
0 0.40036764705882355 0.10980392156862745 0.005147058823529412 0.026143790849673203
0 0.4051470588235294 0.10718954248366012 0.004411764705882353 0.026143790849673203
0 0.39448529411764705 0.10588235294117647 0.003676470588235294 0.026143790849673203
