0 0.4922794117647059 0.01241830065359477 0.005147058823529412 0.0196078431372549
0 0.5044117647058823 0.009150326797385621 0.004411764705882353 0.018300653594771243
0 0.5136029411764705 0.030065359477124184 0.006617647058823529 0.02091503267973856
0 0.5341911764705882 0.10130718954248366 0.005147058823529412 0.022222222222222223
0 0.5507352941176471 0.11633986928104575 0.008823529411764706 0.03398692810457516
0 0.31838235294117645 0.47124183006535947 0.013235294117647059 0.06143790849673202
0 0.6720588235294118 0.6581699346405229 0.025 0.07973856209150326
0 0.5551470588235294 0.47843137254901963 0.011764705882352941 0.03398692810457516
0 0.5540441176470589 0.46013071895424834 0.015441176470588236 0.044444444444444446
0 0.18860294117647058 0.6091503267973856 0.01838235294117647 0.0392156862745098
0 0.2073529411764706 0.6039215686274509 0.016176470588235296 0.0392156862745098
0 0.5621323529411765 0.23529411764705882 0.009558823529411765 0.04967320261437908
0 0.5569852941176471 0.2529411764705882 0.011029411764705883 0.040522875816993466
0 0.5393382352941176 0.1954248366013072 0.009558823529411765 0.03529411764705882
0 0.5330882352941176 0.15620915032679739 0.008823529411764706 0.030065359477124184
0 0.5319852941176471 0.12679738562091503 0.008088235294117648 0.02875816993464052
0 0.524264705882353 0.011111111111111112 0.004411764705882353 0.022222222222222223
