0 0.8658088235294118 0.08169934640522876 0.019852941176470587 0.0718954248366013
0 0.7084558823529412 0.5405228758169934 0.02426470588235294 0.08235294117647059
0 0.7205882352941176 0.5483660130718955 0.027941176470588237 0.08496732026143791
0 0.7036764705882353 0.4542483660130719 0.026470588235294117 0.07712418300653595
0 0.8014705882352942 0.07516339869281045 0.022058823529411766 0.06928104575163399
0 0.8014705882352942 0.032679738562091505 0.022058823529411766 0.06535947712418301
0 0.8279411764705882 0.03071895424836601 0.01764705882352941 0.06143790849673202
0 0.8334558823529412 0.048366013071895426 0.021323529411764706 0.07320261437908497
0 0.8345588235294118 0.05816993464052288 0.023529411764705882 0.07450980392156863
0 0.7555147058823529 0.03725490196078431 0.015441176470588236 0.06405228758169934
0 0.7628676470588235 0.0457516339869281 0.01838235294117647 0.07581699346405228
0 0.6444852941176471 0.2718954248366013 0.016911764705882352 0.0784313725490196
0 0.59375 0.25947712418300656 0.01838235294117647 0.07973856209150326
0 0.5658088235294118 0.25947712418300656 0.0125 0.07973856209150326
0 0.5680147058823529 0.07450980392156863 0.013970588235294118 0.08104575163398693
0 0.5617647058823529 0.11699346405228758 0.016176470588235296 0.08758169934640522
0 0.5441176470588235 0.10392156862745099 0.022058823529411766 0.08235294117647059
0 0.5488970588235295 0.13790849673202615 0.01838235294117647 0.07712418300653595
0 0.5253676470588236 0.11437908496732026 0.011029411764705883 0.06928104575163399
0 0.40183823529411766 0.04771241830065359 0.016911764705882352 0.07973856209150326
0 0.4047794117647059 0.03398692810457516 0.015441176470588236 0.06797385620915032
0 0.42463235294117646 0.049019607843137254 0.013970588235294118 0.06928104575163399
0 0.4338235294117647 0.03398692810457516 0.013235294117647059 0.06797385620915032
0 0.53125 0.021568627450980392 0.013970588235294118 0.043137254901960784
