0 0.01875 0.5686274509803921 0.027205882352941177 0.0784313725490196
0 0.059926470588235296 0.9758169934640523 0.025735294117647058 0.048366013071895426
0 0.2731617647058823 0.9764705882352941 0.021323529411764706 0.047058823529411764
0 0.39448529411764705 0.5901960784313726 0.019852941176470587 0.05620915032679739
0 0.39338235294117646 0.5797385620915033 0.016176470588235296 0.05359477124183006
0 0.8286764705882353 0.6111111111111112 0.030882352941176472 0.06928104575163399
0 0.9628676470588236 0.4398692810457516 0.02426470588235294 0.06928104575163399
0 0.5341911764705882 0.04967320261437908 0.0125 0.036601307189542485
0 0.5779411764705882 0.032679738562091505 0.010294117647058823 0.03398692810457516
0 0.5985294117647059 0.013071895424836602 0.007352941176470588 0.026143790849673203
0 0.6286764705882353 0.06143790849673202 0.007352941176470588 0.04183006535947712
0 0.6441176470588236 0.07647058823529412 0.007352941176470588 0.022222222222222223
0 0.6404411764705882 0.06928104575163399 0.007352941176470588 0.023529411764705882
0 0.65625 0.16143790849673204 0.009558823529411765 0.03790849673202614
