0 0.14154411764705882 0.9503267973856209 0.022794117647058822 0.044444444444444446
0 0.15735294117647058 0.9444444444444444 0.016176470588235296 0.05620915032679739
0 0.1860294117647059 0.6784313725490196 0.010294117647058823 0.04967320261437908
0 0.20661764705882352 0.6797385620915033 0.014705882352941176 0.04183006535947712
0 0.22205882352941175 0.6758169934640523 0.008823529411764706 0.044444444444444446
0 0.20845588235294119 0.6594771241830065 0.013970588235294118 0.03790849673202614
0 0.29044117647058826 0.5875816993464053 0.008823529411764706 0.040522875816993466
0 0.3154411764705882 0.4130718954248366 0.0058823529411764705 0.03137254901960784
0 0.35661764705882354 0.4196078431372549 0.007352941176470588 0.03137254901960784
0 0.3875 0.2457516339869281 0.004411764705882353 0.02091503267973856
0 0.3834558823529412 0.21437908496732025 0.003676470588235294 0.018300653594771243
0 0.375 0.21372549019607842 0.0029411764705882353 0.01699346405228758
0 0.5948529411764706 0.6196078431372549 0.008823529411764706 0.036601307189542485
0 0.6316176470588235 0.5908496732026144 0.008823529411764706 0.0392156862745098
0 0.9261029411764706 0.838562091503268 0.01838235294117647 0.032679738562091505
0 0.4172794117647059 0.3287581699346405 0.005147058823529412 0.022222222222222223
0 0.5073529411764706 0.3588235294117647 0.008823529411764706 0.0196078431372549
0 0.506985294117647 0.35555555555555557 0.008088235294117648 0.023529411764705882
0 0.4963235294117647 0.2758169934640523 0.0058823529411764705 0.02091503267973856
0 0.3588235294117647 0.1326797385620915 0.0029411764705882353 0.01437908496732026
0 0.36433823529411763 0.13790849673202615 0.0022058823529411764 0.01437908496732026
0 0.3860294117647059 0.19215686274509805 0.004411764705882353 0.013071895424836602
0 0.3827205882352941 0.16797385620915034 0.003676470588235294 0.011764705882352941
0 0.40955882352941175 0.14967320261437908 0.0029411764705882353 0.011764705882352941
0 0.6080882352941176 0.3542483660130719 0.004411764705882353 0.02091503267973856
0 0.6227941176470588 0.3627450980392157 0.0058823529411764705 0.027450980392156862
0 0.6386029411764705 0.3954248366013072 0.006617647058823529 0.02483660130718954
0 0.6441176470588236 0.39738562091503266 0.004411764705882353 0.018300653594771243
0 0.643014705882353 0.41633986928104577 0.006617647058823529 0.030065359477124184
0 0.6577205882352941 0.396078431372549 0.005147058823529412 0.026143790849673203
0 0.6621323529411764 0.403921568627451 0.005147058823529412 0.026143790849673203
0 0.6680147058823529 0.4045751633986928 0.005147058823529412 0.02483660130718954
0 0.6797794117647059 0.4071895424836601 0.009558823529411765 0.032679738562091505
0 0.6893382352941176 0.40588235294117647 0.006617647058823529 0.030065359477124184
0 0.6709558823529411 0.39869281045751637 0.006617647058823529 0.026143790849673203
0 0.6735294117647059 0.38562091503267976 0.0058823529411764705 0.023529411764705882
0 0.6772058823529412 0.39477124183006534 0.004411764705882353 0.023529411764705882
0 0.6875 0.396078431372549 0.0058823529411764705 0.023529411764705882
