0 0.1827205882352941 0.10915032679738562 0.0125 0.050980392156862744
0 0.007720588235294118 0.047058823529411764 0.011029411764705883 0.044444444444444446
0 0.15698529411764706 0.1803921568627451 0.009558823529411765 0.054901960784313725
0 0.1036764705882353 0.2522875816993464 0.014705882352941176 0.06013071895424837
0 0.1161764705882353 0.2503267973856209 0.011764705882352941 0.05359477124183006
0 0.14338235294117646 0.2738562091503268 0.011764705882352941 0.048366013071895426
0 0.15257352941176472 0.24901960784313726 0.021323529411764706 0.043137254901960784
0 0.16654411764705881 0.23660130718954248 0.0125 0.05228758169934641
0 0.16948529411764707 0.22745098039215686 0.013970588235294118 0.05228758169934641
0 0.15257352941176472 0.3202614379084967 0.019852941176470587 0.06013071895424837
0 0.1400735294117647 0.3241830065359477 0.013970588235294118 0.05751633986928104
0 0.1338235294117647 0.3130718954248366 0.008823529411764706 0.05359477124183006
0 0.19154411764705884 0.23660130718954248 0.013970588235294118 0.03398692810457516
0 0.20147058823529412 0.32679738562091504 0.011764705882352941 0.05751633986928104
0 0.21911764705882353 0.3026143790849673 0.014705882352941176 0.05620915032679739
0 0.23088235294117648 0.25620915032679736 0.013235294117647059 0.05228758169934641
0 0.22647058823529412 0.2372549019607843 0.013235294117647059 0.06143790849673202
0 0.23272058823529412 0.20261437908496732 0.0125 0.05228758169934641
0 0.25441176470588234 0.16209150326797386 0.010294117647058823 0.026143790849673203
0 0.19375 0.1954248366013072 0.011029411764705883 0.032679738562091505
0 0.2 0.2084967320261438 0.010294117647058823 0.030065359477124184
0 0.20625 0.21764705882352942 0.009558823529411765 0.027450980392156862
0 0.21213235294117647 0.23790849673202613 0.0125 0.03137254901960784
0 0.24705882352941178 0.307843137254902 0.011764705882352941 0.032679738562091505
0 0.2525735294117647 0.3032679738562091 0.015441176470588236 0.06535947712418301
0 0.2577205882352941 0.33790849673202616 0.013970588235294118 0.03790849673202614
0 0.2650735294117647 0.3509803921568627 0.016911764705882352 0.03790849673202614
0 0.25330882352941175 0.3941176470588235 0.011029411764705883 0.058823529411764705
0 0.26875 0.4241830065359477 0.0125 0.06143790849673202
0 0.2875 0.4516339869281046 0.011764705882352941 0.06143790849673202
0 0.2746323529411765 0.3215686274509804 0.0125 0.054901960784313725
0 0.275 0.29673202614379085 0.013235294117647059 0.054901960784313725
0 0.28125 0.37450980392156863 0.009558823529411765 0.032679738562091505
0 0.2897058823529412 0.38758169934640524 0.016176470588235296 0.03790849673202614
0 0.29705882352941176 0.35294117647058826 0.014705882352941176 0.03137254901960784
0 0.2636029411764706 0.26405228758169935 0.011029411764705883 0.054901960784313725
0 0.2566176470588235 0.2627450980392157 0.010294117647058823 0.05228758169934641
0 0.27058823529411763 0.27058823529411763 0.010294117647058823 0.04967320261437908
0 0.2772058823529412 0.269281045751634 0.007352941176470588 0.05751633986928104
0 0.2823529411764706 0.269281045751634 0.008823529411764706 0.06274509803921569
0 0.28823529411764703 0.2784313725490196 0.010294117647058823 0.054901960784313725
0 0.29375 0.3045751633986928 0.011029411764705883 0.04967320261437908
0 0.3025735294117647 0.31633986928104574 0.013970588235294118 0.06013071895424837
0 0.29191176470588237 0.2633986928104575 0.014705882352941176 0.05620915032679739
0 0.29926470588235293 0.2633986928104575 0.016176470588235296 0.05359477124183006
0 0.3069852941176471 0.25947712418300656 0.0125 0.05359477124183006
0 0.32169117647058826 0.25163398692810457 0.0125 0.05620915032679739
0 0.3286764705882353 0.29150326797385623 0.011764705882352941 0.054901960784313725
0 0.3136029411764706 0.3235294117647059 0.013970588235294118 0.058823529411764705
0 0.3235294117647059 0.3150326797385621 0.013235294117647059 0.06013071895424837
0 0.3375 0.40588235294117647 0.023529411764705882 0.03790849673202614
0 0.3573529411764706 0.2777777777777778 0.014705882352941176 0.03790849673202614
0 0.34448529411764706 0.2457516339869281 0.011029411764705883 0.04967320261437908
0 0.37463235294117647 0.3065359477124183 0.016911764705882352 0.058823529411764705
0 0.40294117647058825 0.25098039215686274 0.013235294117647059 0.04967320261437908
0 0.41691176470588237 0.25359477124183005 0.010294117647058823 0.03398692810457516
0 0.37830882352941175 0.3888888888888889 0.016911764705882352 0.058823529411764705
0 0.4036764705882353 0.36470588235294116 0.013235294117647059 0.05751633986928104
0 0.39705882352941174 0.4320261437908497 0.014705882352941176 0.03529411764705882
0 0.37941176470588234 0.27124183006535946 0.011764705882352941 0.032679738562091505
0 0.43713235294117647 0.2411764705882353 0.013970588235294118 0.03529411764705882
0 0.4632352941176471 0.23202614379084968 0.011764705882352941 0.032679738562091505
0 0.4738970588235294 0.22875816993464052 0.0125 0.04183006535947712
0 0.4102941176470588 0.4222222222222222 0.011764705882352941 0.03398692810457516
0 0.42463235294117646 0.4241830065359477 0.0125 0.03790849673202614
0 0.41911764705882354 0.4372549019607843 0.013235294117647059 0.03529411764705882
0 0.41654411764705884 0.46862745098039216 0.011029411764705883 0.06666666666666667
0 0.4363970588235294 0.4241830065359477 0.011029411764705883 0.03529411764705882
0 0.43419117647058825 0.38300653594771245 0.013970588235294118 0.04967320261437908
0 0.4540441176470588 0.39738562091503266 0.015441176470588236 0.06013071895424837
0 0.4661764705882353 0.4143790849673203 0.013235294117647059 0.06535947712418301
0 0.4702205882352941 0.39869281045751637 0.0125 0.07058823529411765
0 0.48455882352941176 0.4 0.010294117647058823 0.06013071895424837
0 0.4727941176470588 0.44640522875816996 0.01911764705882353 0.0457516339869281
0 0.5205882352941177 0.40588235294117647 0.014705882352941176 0.03790849673202614
0 0.5400735294117647 0.36405228758169933 0.0125 0.058823529411764705
0 0.5253676470588236 0.48104575163398694 0.0125 0.06274509803921569
0 0.49779411764705883 0.21568627450980393 0.007352941176470588 0.04183006535947712
0 0.4963235294117647 0.2522875816993464 0.010294117647058823 0.05751633986928104
0 0.5044117647058823 0.2777777777777778 0.011764705882352941 0.040522875816993466
0 0.51875 0.2784313725490196 0.011029411764705883 0.026143790849673203
0 0.5319852941176471 0.27908496732026145 0.011029411764705883 0.032679738562091505
0 0.5411764705882353 0.2751633986928105 0.011764705882352941 0.030065359477124184
0 0.5051470588235294 0.19607843137254902 0.007352941176470588 0.044444444444444446
0 0.5051470588235294 0.23006535947712417 0.007352941176470588 0.05228758169934641
0 0.5051470588235294 0.21895424836601307 0.008823529411764706 0.05359477124183006
0 0.5220588235294118 0.2326797385620915 0.008823529411764706 0.02875816993464052
0 0.5268382352941177 0.2326797385620915 0.009558823529411765 0.054901960784313725
0 0.5341911764705882 0.22941176470588234 0.009558823529411765 0.05620915032679739
0 0.5393382352941176 0.22287581699346407 0.006617647058823529 0.05620915032679739
0 0.5463235294117647 0.22026143790849673 0.008823529411764706 0.05620915032679739
0 0.5419117647058823 0.2150326797385621 0.010294117647058823 0.058823529411764705
0 0.5290441176470588 0.20130718954248367 0.011029411764705883 0.047058823529411764
0 0.5183823529411765 0.21241830065359477 0.008823529411764706 0.05359477124183006
0 0.6761029411764706 0.3111111111111111 0.013970588235294118 0.06274509803921569
0 0.6720588235294118 0.1261437908496732 0.007352941176470588 0.048366013071895426
0 0.7738970588235294 0.03725490196078431 0.0125 0.043137254901960784
0 0.8025735294117647 0.02091503267973856 0.009558823529411765 0.04183006535947712
0 0.7584558823529411 0.09934640522875816 0.009558823529411765 0.047058823529411764
0 0.8143382352941176 0.0738562091503268 0.0125 0.040522875816993466
0 0.98125 0.09281045751633987 0.016911764705882352 0.04183006535947712
0 0.8856617647058823 0.18758169934640523 0.0125 0.03790849673202614
0 0.70625 0.5398692810457516 0.019852941176470587 0.06274509803921569
0 0.7363970588235295 0.8875816993464052 0.022794117647058822 0.07581699346405228
0 0.7459558823529412 0.9424836601307189 0.025735294117647058 0.04183006535947712
0 0.8242647058823529 0.9751633986928104 0.023529411764705882 0.04967320261437908
0 0.8441176470588235 0.9562091503267974 0.027941176470588237 0.048366013071895426
0 0.8547794117647058 0.9339869281045752 0.022794117647058822 0.050980392156862744
0 0.8540441176470588 0.8960784313725491 0.03455882352941177 0.043137254901960784
0 0.8588235294117647 0.8130718954248366 0.023529411764705882 0.05228758169934641
0 0.8738970588235294 0.7869281045751634 0.01838235294117647 0.04967320261437908
0 0.925 0.6143790849673203 0.027941176470588237 0.08627450980392157
0 0.9121323529411764 0.7026143790849673 0.030147058823529412 0.06405228758169934
0 0.9319852941176471 0.6823529411764706 0.022794117647058822 0.06535947712418301
0 0.924264705882353 0.7163398692810458 0.027941176470588237 0.06797385620915032
0 0.86875 0.8581699346405228 0.03161764705882353 0.0457516339869281
0 0.8875 0.8359477124183007 0.027941176470588237 0.048366013071895426
0 0.9007352941176471 0.8104575163398693 0.027941176470588237 0.044444444444444446
0 0.9628676470588236 0.7790849673202614 0.0375 0.07320261437908497
0 0.9794117647058823 0.7496732026143791 0.027941176470588237 0.07712418300653595
0 0.9727941176470588 0.4215686274509804 0.011764705882352941 0.03529411764705882
0 0.9838235294117647 0.41241830065359475 0.01911764705882353 0.05359477124183006
0 0.986764705882353 0.469281045751634 0.026470588235294117 0.06013071895424837
0 0.9386029411764706 0.903921568627451 0.022794117647058822 0.050980392156862744
0 0.9544117647058824 0.907843137254902 0.025 0.048366013071895426
0 0.9764705882352941 0.9098039215686274 0.027941176470588237 0.05228758169934641
