0 0.7291666666666666 0.9342592592592592 0.023958333333333335 0.07222222222222222
0 0.5658854166666667 0.8101851851851852 0.018229166666666668 0.05740740740740741
0 0.6447916666666667 0.7486111111111111 0.015625 0.05648148148148148
0 0.52890625 0.9745370370370371 0.0140625 0.05092592592592592
0 0.40260416666666665 0.9805555555555555 0.0125 0.03888888888888889
0 0.7776041666666667 0.8263888888888888 0.017708333333333333 0.07314814814814814
0 0.36276041666666664 0.9740740740740741 0.011979166666666667 0.05185185185185185
0 0.23359375 0.7601851851851852 0.0109375 0.06851851851851852
0 0.24713541666666666 0.7518518518518519 0.013020833333333334 0.06481481481481481
0 0.2526041666666667 0.6893518518518519 0.013541666666666667 0.06018518518518518
0 0.33567708333333335 0.5819444444444445 0.0109375 0.03611111111111111
0 0.02265625 0.5898148148148148 0.0109375 0.04814814814814815
