0 0.4947916666666667 0.37222222222222223 0.004166666666666667 0.011111111111111112
0 0.503125 0.37037037037037035 0.004166666666666667 0.011111111111111112
0 0.5098958333333333 0.36666666666666664 0.005208333333333333 0.011111111111111112
0 0.4890625 0.44074074074074077 0.005208333333333333 0.014814814814814815
0 0.47552083333333334 0.45925925925925926 0.005208333333333333 0.014814814814814815
0 0.46197916666666666 0.5333333333333333 0.007291666666666667 0.022222222222222223
0 0.5348958333333333 0.5203703703703704 0.005208333333333333 0.018518518518518517
0 0.5197916666666667 0.5388888888888889 0.00625 0.022222222222222223
0 0.5192708333333333 0.537962962962963 0.007291666666666667 0.024074074074074074
0 0.43125 0.6333333333333333 0.010416666666666666 0.025925925925925925
0 0.43802083333333336 0.6537037037037037 0.009375 0.025925925925925925
0 0.42552083333333335 0.687962962962963 0.009375 0.03148148148148148
0 0.440625 0.6990740740740741 0.010416666666666666 0.03148148148148148
0 0.4942708333333333 0.7925925925925926 0.009375 0.03333333333333333
0 0.4635416666666667 0.8009259259259259 0.016666666666666666 0.04259259259259259
0 0.465625 0.7916666666666666 0.010416666666666666 0.03518518518518519
0 0.4161458333333333 0.8222222222222222 0.009375 0.040740740740740744
0 0.4119791666666667 0.8296296296296296 0.011458333333333333 0.040740740740740744
0 0.37447916666666664 0.7509259259259259 0.009375 0.053703703703703705
0 0.3848958333333333 0.75 0.009375 0.05185185185185185
0 0.14010416666666667 0.937037037037037 0.017708333333333333 0.05185185185185185
0 0.4546875 0.5074074074074074 0.007291666666666667 0.014814814814814815
