0 0.08786764705882352 0.24313725490196078 0.009558823529411765 0.02875816993464052
0 0.09375 0.2522875816993464 0.008088235294117648 0.026143790849673203
0 0.17573529411764705 0.2150326797385621 0.007352941176470588 0.03529411764705882
0 0.1860294117647059 0.2130718954248366 0.007352941176470588 0.036601307189542485
0 0.19375 0.2281045751633987 0.005147058823529412 0.030065359477124184
0 0.18455882352941178 0.25359477124183005 0.011764705882352941 0.0392156862745098
0 0.23125 0.2908496732026144 0.009558823529411765 0.032679738562091505
0 0.07904411764705882 0.5816993464052288 0.019852941176470587 0.06274509803921569
0 0.07352941176470588 0.5777777777777777 0.016176470588235296 0.05751633986928104
0 0.07794117647058824 0.9764705882352941 0.020588235294117647 0.047058823529411764
0 0.23529411764705882 0.5712418300653594 0.01764705882352941 0.06274509803921569
0 0.37426470588235294 0.4928104575163399 0.013235294117647059 0.03137254901960784
0 0.37316176470588236 0.4980392156862745 0.0125 0.03137254901960784
0 0.38933823529411765 0.5104575163398692 0.015441176470588236 0.048366013071895426
0 0.39448529411764705 0.5071895424836601 0.015441176470588236 0.047058823529411764
0 0.22058823529411764 0.22026143790849673 0.007352941176470588 0.01699346405228758
0 0.2286764705882353 0.22483660130718955 0.0058823529411764705 0.026143790849673203
0 0.22977941176470587 0.21568627450980393 0.005147058823529412 0.018300653594771243
0 0.23602941176470588 0.21437908496732025 0.0058823529411764705 0.018300653594771243
0 0.2665441176470588 0.2019607843137255 0.008088235294117648 0.032679738562091505
0 0.27426470588235297 0.20261437908496732 0.007352941176470588 0.036601307189542485
0 0.2786764705882353 0.18758169934640523 0.008823529411764706 0.03529411764705882
0 0.3176470588235294 0.1758169934640523 0.007352941176470588 0.03529411764705882
0 0.32536764705882354 0.18366013071895426 0.008088235294117648 0.032679738562091505
0 0.3286764705882353 0.17973856209150327 0.0058823529411764705 0.032679738562091505
0 0.28602941176470587 0.22418300653594772 0.008823529411764706 0.030065359477124184
0 0.3801470588235294 0.19869281045751633 0.0058823529411764705 0.02091503267973856
0 0.40698529411764706 0.18235294117647058 0.005147058823529412 0.0196078431372549
0 0.4007352941176471 0.17516339869281045 0.004411764705882353 0.02091503267973856
0 0.4294117647058823 0.17320261437908496 0.007352941176470588 0.030065359477124184
0 0.4319852941176471 0.1758169934640523 0.008088235294117648 0.027450980392156862
0 0.3558823529411765 0.2581699346405229 0.011764705882352941 0.03790849673202614
0 0.3761029411764706 0.2830065359477124 0.008088235294117648 0.043137254901960784
0 0.4625 0.24444444444444444 0.010294117647058823 0.036601307189542485
0 0.3830882352941177 0.23921568627450981 0.008823529411764706 0.02091503267973856
0 0.4547794117647059 0.3058823529411765 0.009558823529411765 0.036601307189542485
0 0.47573529411764703 0.6359477124183006 0.022058823529411766 0.06666666666666667
0 0.4713235294117647 0.6222222222222222 0.014705882352941176 0.07058823529411765
0 0.95625 0.9660130718954248 0.025735294117647058 0.06797385620915032
0 0.7330882352941176 0.34509803921568627 0.007352941176470588 0.044444444444444446
0 0.7349264705882353 0.3366013071895425 0.009558823529411765 0.02483660130718954
0 0.7158088235294118 0.3366013071895425 0.008088235294117648 0.03790849673202614
0 0.7029411764705882 0.3352941176470588 0.008823529411764706 0.043137254901960784
0 0.70625 0.32745098039215687 0.005147058823529412 0.0196078431372549
0 0.7099264705882353 0.3281045751633987 0.011029411764705883 0.04183006535947712
0 0.5466911764705882 0.3104575163398693 0.011029411764705883 0.048366013071895426
0 0.5525735294117647 0.3058823529411765 0.006617647058823529 0.047058823529411764
0 0.5613970588235294 0.30196078431372547 0.011029411764705883 0.047058823529411764
0 0.9724264705882353 0.23529411764705882 0.009558823529411765 0.036601307189542485
0 0.9797794117647058 0.2372549019607843 0.011029411764705883 0.032679738562091505
0 0.9772058823529411 0.2281045751633987 0.010294117647058823 0.03790849673202614
0 0.9886029411764706 0.2372549019607843 0.009558823529411765 0.03790849673202614
0 0.9966911764705882 0.234640522875817 0.006617647058823529 0.032679738562091505
0 0.9069852941176471 0.2568627450980392 0.006617647058823529 0.03529411764705882
0 0.9055147058823529 0.2522875816993464 0.008088235294117648 0.036601307189542485
0 0.8827205882352941 0.1934640522875817 0.008088235294117648 0.023529411764705882
0 0.9889705882352942 0.17124183006535948 0.007352941176470588 0.02875816993464052
0 0.9753676470588235 0.14183006535947712 0.008088235294117648 0.022222222222222223
0 0.9827205882352941 0.11830065359477124 0.006617647058823529 0.022222222222222223
0 0.9808823529411764 0.10784313725490197 0.0058823529411764705 0.01699346405228758
0 0.9709558823529412 0.045098039215686274 0.005147058823529412 0.01699346405228758
0 0.9772058823529411 0.020261437908496733 0.004411764705882353 0.01437908496732026
0 0.9283088235294118 0.020261437908496733 0.005147058823529412 0.01437908496732026
0 0.9069852941176471 0.013725490196078431 0.003676470588235294 0.01699346405228758
0 0.6860294117647059 0.18235294117647058 0.007352941176470588 0.030065359477124184
