0 0.10416666666666667 0.937037037037037 0.026041666666666668 0.044444444444444446
0 0.12682291666666667 0.8796296296296297 0.015104166666666667 0.053703703703703705
0 0.12942708333333333 0.8189814814814815 0.013020833333333334 0.03611111111111111
0 0.11458333333333333 0.8064814814814815 0.0125 0.04259259259259259
0 0.15234375 0.9277777777777778 0.013020833333333334 0.046296296296296294
0 0.29739583333333336 0.8782407407407408 0.014583333333333334 0.04537037037037037
0 0.37109375 0.9314814814814815 0.011979166666666667 0.05740740740740741
0 0.40546875 0.9375 0.013020833333333334 0.030555555555555555
0 0.3606770833333333 0.9199074074074074 0.009895833333333333 0.04351851851851852
0 0.25859375 0.8175925925925925 0.0109375 0.046296296296296294
0 0.26979166666666665 0.8037037037037037 0.008333333333333333 0.02962962962962963
0 0.30911458333333336 0.7782407407407408 0.013020833333333334 0.041666666666666664
0 0.40286458333333336 0.7861111111111111 0.0140625 0.046296296296296294
0 0.29739583333333336 0.675 0.013541666666666667 0.044444444444444446
0 0.20963541666666666 0.6893518518518519 0.011979166666666667 0.04537037037037037
0 0.19661458333333334 0.6902777777777778 0.013020833333333334 0.04722222222222222
0 0.3971354166666667 0.6611111111111111 0.013020833333333334 0.03148148148148148
0 0.42421875 0.6541666666666667 0.009895833333333333 0.03425925925925926
0 0.2953125 0.5685185185185185 0.011458333333333333 0.037037037037037035
0 0.19375 0.5305555555555556 0.014583333333333334 0.040740740740740744
0 0.17890625 0.5347222222222222 0.0109375 0.028703703703703703
0 0.44557291666666665 0.8351851851851851 0.011979166666666667 0.03518518518518519
0 0.46875 0.8023148148148148 0.008333333333333333 0.04537037037037037
0 0.46536458333333336 0.6476851851851851 0.008854166666666666 0.030555555555555555
0 0.4708333333333333 0.6347222222222222 0.010416666666666666 0.032407407407407406
0 0.4518229166666667 0.6152777777777778 0.013020833333333334 0.03425925925925926
0 0.4552083333333333 0.5768518518518518 0.008333333333333333 0.027777777777777776
0 0.45703125 0.5703703703703704 0.0109375 0.037037037037037035
0 0.45729166666666665 0.562037037037037 0.00625 0.024074074074074074
0 0.47630208333333335 0.5277777777777778 0.009895833333333333 0.03148148148148148
0 0.35703125 0.4324074074074074 0.008854166666666666 0.020370370370370372
0 0.38333333333333336 0.40925925925925927 0.009375 0.027777777777777776
0 0.43671875 0.43148148148148147 0.008854166666666666 0.02962962962962963
0 0.471875 0.40555555555555556 0.009375 0.027777777777777776
0 0.4234375 0.4162037037037037 0.008333333333333333 0.023148148148148147
0 0.41953125 0.4162037037037037 0.0078125 0.026851851851851852
0 0.4354166666666667 0.425 0.008333333333333333 0.02962962962962963
0 0.4427083333333333 0.32685185185185184 0.008333333333333333 0.024074074074074074
0 0.5484375 0.3680555555555556 0.008333333333333333 0.026851851851851852
0 0.6020833333333333 0.39444444444444443 0.009375 0.027777777777777776
0 0.6072916666666667 0.3976851851851852 0.008333333333333333 0.026851851851851852
0 0.6203125 0.41064814814814815 0.008333333333333333 0.030555555555555555
0 0.6049479166666667 0.34120370370370373 0.009895833333333333 0.028703703703703703
0 0.72890625 0.42824074074074076 0.008854166666666666 0.03611111111111111
0 0.7544270833333333 0.4273148148148148 0.0109375 0.030555555555555555
0 0.5565104166666667 0.3143518518518518 0.0078125 0.030555555555555555
0 0.36666666666666664 0.2712962962962963 0.008333333333333333 0.025925925925925925
0 0.17135416666666667 0.2162037037037037 0.005208333333333333 0.023148148148148147
0 0.175 0.22037037037037038 0.005208333333333333 0.016666666666666666
0 0.6453125 0.37453703703703706 0.008333333333333333 0.03611111111111111
0 0.7083333333333334 0.3851851851851852 0.009375 0.03148148148148148
0 0.7325520833333333 0.36435185185185187 0.009895833333333333 0.023148148148148147
0 0.7450520833333333 0.37037037037037035 0.0078125 0.024074074074074074
0 0.83671875 0.4074074074074074 0.008854166666666666 0.018518518518518517
0 0.8424479166666666 0.4046296296296296 0.005729166666666666 0.016666666666666666
0 0.83359375 0.4023148148148148 0.005729166666666666 0.023148148148148147
0 0.8380208333333333 0.3972222222222222 0.005208333333333333 0.020370370370370372
0 0.8596354166666667 0.4703703703703704 0.0078125 0.025925925925925925
0 0.6859375 0.34953703703703703 0.008333333333333333 0.021296296296296296
0 0.6893229166666667 0.3486111111111111 0.005729166666666666 0.025
0 0.5927083333333333 0.29814814814814816 0.008333333333333333 0.03148148148148148
0 0.5822916666666667 0.30092592592592593 0.007291666666666667 0.03333333333333333
0 0.5638020833333334 0.29444444444444445 0.005729166666666666 0.03148148148148148
0 0.5557291666666667 0.30324074074074076 0.00625 0.026851851851851852
0 0.5916666666666667 0.27361111111111114 0.007291666666666667 0.030555555555555555
0 0.5760416666666667 0.2722222222222222 0.00625 0.03148148148148148
0 0.6002604166666666 0.2111111111111111 0.005729166666666666 0.027777777777777776
0 0.5893229166666667 0.2574074074074074 0.0078125 0.024074074074074074
0 0.5997395833333333 0.23333333333333334 0.0067708333333333336 0.025925925925925925
0 0.59921875 0.23842592592592593 0.009895833333333333 0.025
0 0.5236979166666667 0.350462962962963 0.009895833333333333 0.032407407407407406
0 0.5236979166666667 0.3458333333333333 0.008854166666666666 0.032407407407407406
0 0.4986979166666667 0.33564814814814814 0.008854166666666666 0.032407407407407406
0 0.49765625 0.32175925925925924 0.0067708333333333336 0.026851851851851852
0 0.4515625 0.3074074074074074 0.008333333333333333 0.03333333333333333
0 0.4401041666666667 0.3148148148148148 0.008333333333333333 0.02962962962962963
0 0.42109375 0.4513888888888889 0.0067708333333333336 0.03611111111111111
0 0.5018229166666667 0.5851851851851851 0.009895833333333333 0.03148148148148148
0 0.5763020833333333 0.4842592592592593 0.0067708333333333336 0.027777777777777776
0 0.59453125 0.46574074074074073 0.0109375 0.037037037037037035
0 0.09427083333333333 0.36435185185185187 0.010416666666666666 0.03425925925925926
0 0.14713541666666666 0.15787037037037038 0.0046875 0.023148148148148147
0 0.013802083333333333 0.15555555555555556 0.0078125 0.024074074074074074
0 0.04921875 0.16898148148148148 0.005729166666666666 0.019444444444444445
0 0.38359375 0.2300925925925926 0.005729166666666666 0.023148148148148147
0 0.4393229166666667 0.24768518518518517 0.005729166666666666 0.028703703703703703
0 0.44114583333333335 0.24814814814814815 0.004166666666666667 0.020370370370370372
