0 0.22058823529411764 0.5875816993464053 0.026470588235294117 0.08235294117647059
0 0.4459558823529412 0.4496732026143791 0.013970588235294118 0.054901960784313725
0 0.4334558823529412 0.4477124183006536 0.011029411764705883 0.050980392156862744
0 0.37536764705882353 0.3326797385620915 0.009558823529411765 0.0196078431372549
0 0.37426470588235294 0.3261437908496732 0.010294117647058823 0.027450980392156862
0 0.3889705882352941 0.30522875816993467 0.008823529411764706 0.0457516339869281
0 0.5610294117647059 0.269281045751634 0.008823529411764706 0.03137254901960784
0 0.6231617647058824 0.2784313725490196 0.009558823529411765 0.03137254901960784
0 0.5349264705882353 0.10326797385620914 0.003676470588235294 0.013071895424836602
0 0.5363970588235294 0.08366013071895424 0.0022058823529411764 0.018300653594771243
0 0.5404411764705882 0.08300653594771241 0.0029411764705882353 0.01699346405228758
0 0.4860294117647059 0.08954248366013072 0.004411764705882353 0.011764705882352941
0 0.5474264705882353 0.07516339869281045 0.003676470588235294 0.01437908496732026
