0 0.15520833333333334 0.5342592592592592 0.010416666666666666 0.024074074074074074
0 0.1578125 0.5990740740740741 0.009375 0.03148148148148148
0 0.16979166666666667 0.600925925925926 0.008333333333333333 0.03518518518518519
0 0.41458333333333336 0.7453703703703703 0.008333333333333333 0.03888888888888889
0 0.4296875 0.687962962962963 0.013541666666666667 0.03518518518518519
0 0.428125 0.6824074074074075 0.0125 0.03888888888888889
0 0.4395833333333333 0.6074074074074074 0.00625 0.02962962962962963
0 0.590625 0.9814814814814815 0.01875 0.03333333333333333
0 0.5567708333333333 0.8453703703703703 0.011458333333333333 0.046296296296296294
0 0.5796875 0.787962962962963 0.011458333333333333 0.03148148148148148
0 0.5817708333333333 0.7805555555555556 0.011458333333333333 0.03888888888888889
0 0.5453125 0.6101851851851852 0.007291666666666667 0.03148148148148148
0 0.4734375 0.5296296296296297 0.009375 0.022222222222222223
0 0.5234375 0.5231481481481481 0.005208333333333333 0.020370370370370372
0 0.49322916666666666 0.6083333333333333 0.009375 0.027777777777777776
0 0.4479166666666667 0.5157407407407407 0.008333333333333333 0.024074074074074074
0 0.5604166666666667 0.5074074074074074 0.00625 0.018518518518518517
0 0.565625 0.5092592592592593 0.00625 0.014814814814814815
0 0.5411458333333333 0.4962962962962963 0.005208333333333333 0.02962962962962963
0 0.5052083333333334 0.47685185185185186 0.004166666666666667 0.020370370370370372
0 0.7088541666666667 0.524074074074074 0.007291666666666667 0.022222222222222223
0 0.7614583333333333 0.5351851851851852 0.008333333333333333 0.022222222222222223
0 0.7661458333333333 0.5398148148148149 0.007291666666666667 0.024074074074074074
0 0.3807291666666667 0.47314814814814815 0.003125 0.016666666666666666
0 0.3859375 0.549074074074074 0.007291666666666667 0.020370370370370372
