0 0.6643382352941176 0.49019607843137253 0.013970588235294118 0.047058823529411764
0 0.6459558823529412 0.49084967320261436 0.009558823529411765 0.0457516339869281
0 0.20477941176470588 0.1830065359477124 0.006617647058823529 0.03137254901960784
0 0.1650735294117647 0.17254901960784313 0.005147058823529412 0.023529411764705882
0 0.13676470588235295 0.1437908496732026 0.004411764705882353 0.023529411764705882
0 0.14080882352941176 0.1830065359477124 0.006617647058823529 0.026143790849673203
0 0.08051470588235295 0.14444444444444443 0.008088235294117648 0.027450980392156862
0 0.01213235294117647 0.3915032679738562 0.0125 0.043137254901960784
0 0.011397058823529411 0.10588235294117647 0.005147058823529412 0.023529411764705882
0 0.005147058823529412 0.08823529411764706 0.0058823529411764705 0.022222222222222223
0 0.02536764705882353 0.0934640522875817 0.003676470588235294 0.01699346405228758
0 0.009926470588235294 0.134640522875817 0.005147058823529412 0.023529411764705882
0 0.022058823529411766 0.13594771241830064 0.0058823529411764705 0.026143790849673203
0 0.01764705882352941 0.19869281045751633 0.007352941176470588 0.02875816993464052
0 0.02022058823529412 0.19215686274509805 0.005147058823529412 0.026143790849673203
0 0.033455882352941176 0.18823529411764706 0.006617647058823529 0.03137254901960784
0 0.030147058823529412 0.1895424836601307 0.007352941176470588 0.026143790849673203
0 0.04595588235294118 0.19673202614379084 0.006617647058823529 0.0196078431372549
0 0.05330882352941176 0.19673202614379084 0.008088235294117648 0.01437908496732026
0 0.05588235294117647 0.18888888888888888 0.0058823529411764705 0.030065359477124184
0 0.06838235294117648 0.19281045751633988 0.0058823529411764705 0.030065359477124184
0 0.075 0.19019607843137254 0.004411764705882353 0.027450980392156862
0 0.0724264705882353 0.2 0.006617647058823529 0.01568627450980392
0 0.09522058823529411 0.19215686274509805 0.006617647058823529 0.01568627450980392
0 0.08419117647058824 0.19869281045751633 0.006617647058823529 0.01568627450980392
0 0.10551470588235294 0.18888888888888888 0.006617647058823529 0.0196078431372549
0 0.12279411764705882 0.19019607843137254 0.007352941176470588 0.0196078431372549
0 0.11727941176470588 0.19019607843137254 0.006617647058823529 0.0196078431372549
0 0.11176470588235295 0.18888888888888888 0.0058823529411764705 0.01437908496732026
