0 0.55625 0.4339869281045752 0.008088235294117648 0.026143790849673203
0 0.5511029411764706 0.4895424836601307 0.006617647058823529 0.022222222222222223
0 0.5507352941176471 0.4823529411764706 0.008823529411764706 0.026143790849673203
0 0.6878676470588235 0.4143790849673203 0.006617647058823529 0.02091503267973856
0 0.5959558823529412 0.25098039215686274 0.005147058823529412 0.023529411764705882
0 0.5955882352941176 0.21764705882352942 0.0058823529411764705 0.011764705882352941
0 0.6113970588235295 0.24183006535947713 0.005147058823529412 0.018300653594771243
0 0.6132352941176471 0.2601307189542484 0.0058823529411764705 0.01568627450980392
0 0.618014705882353 0.2542483660130719 0.005147058823529412 0.011764705882352941
0 0.6213235294117647 0.25098039215686274 0.004411764705882353 0.018300653594771243
0 0.6169117647058824 0.24444444444444444 0.004411764705882353 0.018300653594771243
0 0.37720588235294117 0.17450980392156862 0.004411764705882353 0.01437908496732026
0 0.3889705882352941 0.1437908496732026 0.004411764705882353 0.00784313725490196
0 0.46544117647058825 0.2261437908496732 0.004411764705882353 0.013071895424836602
0 0.4738970588235294 0.2830065359477124 0.006617647058823529 0.0196078431372549
0 0.4915441176470588 0.20915032679738563 0.005147058823529412 0.013071895424836602
0 0.4485294117647059 0.1542483660130719 0.0029411764705882353 0.013071895424836602
0 0.45073529411764707 0.16470588235294117 0.0029411764705882353 0.01045751633986928
0 0.4540441176470588 0.18235294117647058 0.005147058823529412 0.009150326797385621
0 0.4389705882352941 0.21633986928104576 0.0058823529411764705 0.009150326797385621
0 0.5088235294117647 0.20915032679738563 0.004411764705882353 0.01045751633986928
0 0.47095588235294117 0.3352941176470588 0.005147058823529412 0.0196078431372549
0 0.6305147058823529 0.3104575163398693 0.006617647058823529 0.022222222222222223
0 0.7349264705882353 0.5130718954248366 0.006617647058823529 0.032679738562091505
0 0.9102941176470588 0.8627450980392157 0.014705882352941176 0.026143790849673203
0 0.9191176470588235 0.8771241830065359 0.014705882352941176 0.026143790849673203
0 0.8658088235294118 0.8202614379084967 0.013970588235294118 0.050980392156862744
0 0.8871323529411764 0.7934640522875817 0.008088235294117648 0.04967320261437908
0 0.88125 0.7797385620915033 0.0125 0.050980392156862744
0 0.8735294117647059 0.7607843137254902 0.014705882352941176 0.047058823529411764
0 0.8014705882352942 0.7816993464052288 0.014705882352941176 0.05228758169934641
0 0.3488970588235294 0.5660130718954248 0.013970588235294118 0.047058823529411764
0 0.36433823529411763 0.5601307189542484 0.013970588235294118 0.048366013071895426
