0 0.590625 0.8814814814814815 0.0125 0.037037037037037035
0 0.5583333333333333 0.8638888888888889 0.014583333333333334 0.03518518518518519
0 0.3541666666666667 0.8 0.016666666666666666 0.04814814814814815
0 0.39791666666666664 0.6787037037037037 0.008333333333333333 0.020370370370370372
0 0.4203125 0.6407407407407407 0.011458333333333333 0.025925925925925925
0 0.5119791666666667 0.687962962962963 0.009375 0.020370370370370372
0 0.5114583333333333 0.6814814814814815 0.010416666666666666 0.025925925925925925
0 0.5130208333333334 0.6157407407407407 0.009375 0.024074074074074074
0 0.4984375 0.49444444444444446 0.005208333333333333 0.018518518518518517
0 0.47760416666666666 0.5333333333333333 0.007291666666666667 0.018518518518518517
0 0.47239583333333335 0.5175925925925926 0.005208333333333333 0.016666666666666666
0 0.4588541666666667 0.5194444444444445 0.007291666666666667 0.016666666666666666
0 0.459375 0.5120370370370371 0.008333333333333333 0.016666666666666666
0 0.4197916666666667 0.5277777777777778 0.00625 0.014814814814814815
0 0.4119791666666667 0.5148148148148148 0.005208333333333333 0.02962962962962963
0 0.45677083333333335 0.48333333333333334 0.005208333333333333 0.014814814814814815
0 0.459375 0.46296296296296297 0.00625 0.011111111111111112
0 0.41041666666666665 0.46296296296296297 0.004166666666666667 0.018518518518518517
0 0.4119791666666667 0.46944444444444444 0.011458333333333333 0.020370370370370372
0 0.46145833333333336 0.38333333333333336 0.004166666666666667 0.011111111111111112
0 0.42552083333333335 0.40370370370370373 0.005208333333333333 0.011111111111111112
0 0.4234375 0.3787037037037037 0.003125 0.009259259259259259
0 0.4270833333333333 0.37962962962962965 0.004166666666666667 0.011111111111111112
0 0.42604166666666665 0.3824074074074074 0.004166666666666667 0.009259259259259259
0 0.41302083333333334 0.3824074074074074 0.005208333333333333 0.009259259259259259
0 0.4140625 0.3537037037037037 0.003125 0.007407407407407408
0 0.4203125 0.34629629629629627 0.003125 0.007407407407407408
0 0.4484375 0.337037037037037 0.003125 0.014814814814814815
