0 0.7426470588235294 0.26209150326797387 0.01911764705882353 0.05359477124183006
0 0.7404411764705883 0.3784313725490196 0.01911764705882353 0.030065359477124184
0 0.9797794117647058 0.43790849673202614 0.025735294117647058 0.08104575163398693
0 0.5257352941176471 0.020261437908496733 0.011764705882352941 0.0196078431372549
0 0.2625 0.23137254901960785 0.020588235294117647 0.02875816993464052
0 0.33492647058823527 0.021568627450980392 0.011029411764705883 0.027450980392156862
0 0.7202205882352941 0.013725490196078431 0.011029411764705883 0.027450980392156862
0 0.3290441176470588 0.03398692810457516 0.0125 0.023529411764705882
0 0.12941176470588237 0.1 0.010294117647058823 0.030065359477124184
0 0.13602941176470587 0.0915032679738562 0.010294117647058823 0.0392156862745098
