0 0.34427083333333336 0.9037037037037037 0.017708333333333333 0.06666666666666667
0 0.45364583333333336 0.39814814814814814 0.003125 0.014814814814814815
0 0.5067708333333333 0.46111111111111114 0.005208333333333333 0.018518518518518517
0 0.4984375 0.46574074074074073 0.007291666666666667 0.020370370370370372
0 0.4635416666666667 0.4537037037037037 0.00625 0.018518518518518517
0 0.45416666666666666 0.4537037037037037 0.00625 0.022222222222222223
0 0.44427083333333334 0.4527777777777778 0.005208333333333333 0.020370370370370372
0 0.4505208333333333 0.5138888888888888 0.007291666666666667 0.027777777777777776
0 0.43854166666666666 0.5212962962962963 0.00625 0.027777777777777776
0 0.44895833333333335 0.5657407407407408 0.008333333333333333 0.027777777777777776
0 0.4890625 0.3537037037037037 0.003125 0.011111111111111112
0 0.49322916666666666 0.3861111111111111 0.003125 0.009259259259259259
0 0.4901041666666667 0.3861111111111111 0.003125 0.009259259259259259
0 0.4588541666666667 0.3787037037037037 0.003125 0.009259259259259259
