0 0.4128676470588235 0.3281045751633987 0.008088235294117648 0.054901960784313725
0 0.586764705882353 0.5823529411764706 0.010294117647058823 0.06143790849673202
0 0.586764705882353 0.403921568627451 0.010294117647058823 0.05228758169934641
0 0.5959558823529412 0.4071895424836601 0.008088235294117648 0.0457516339869281
0 0.32536764705882354 0.16405228758169935 0.009558823529411765 0.027450980392156862
0 0.731985294117647 0.13790849673202615 0.008088235294117648 0.043137254901960784
0 0.5595588235294118 0.03594771241830065 0.004411764705882353 0.030065359477124184
0 0.5533088235294118 0.036601307189542485 0.006617647058823529 0.03398692810457516
0 0.5452205882352941 0.03398692810457516 0.006617647058823529 0.036601307189542485
0 0.5290441176470588 0.10915032679738562 0.005147058823529412 0.022222222222222223
