0 0.08984375 0.5055555555555555 0.1421875 0.16944444444444445
0 0.3578125 0.16319444444444445 0.078125 0.29305555555555557
0 0.261328125 0.1597222222222222 0.08359375 0.17222222222222222
0 0.45703125 0.38819444444444445 0.128125 0.3236111111111111
0 0.45390625 0.04652777777777778 0.065625 0.09305555555555556
0 0.056640625 0.6173611111111111 0.11328125 0.1375
0 0.4796875 0.6708333333333333 0.1046875 0.225
0 0.225 0.575 0.1359375 0.15
0 0.305859375 0.5027777777777778 0.14765625 0.18888888888888888
0 0.21796875 0.39166666666666666 0.1375 0.19444444444444445
