0 0.194921875 0.6222222222222222 0.14140625 0.19166666666666668
0 0.091796875 0.20347222222222222 0.05859375 0.10138888888888889
0 0.305078125 0.9006944444444445 0.18046875 0.19583333333333333
0 0.06484375 0.7458333333333333 0.0828125 0.2
0 0.242578125 0.45208333333333334 0.13671875 0.2763888888888889
0 0.263671875 0.16875 0.07578125 0.2152777777777778
0 0.3453125 0.20902777777777778 0.0984375 0.30972222222222223
0 0.44140625 0.07291666666666667 0.05625 0.14583333333333334
0 0.425 0.2951388888888889 0.171875 0.34305555555555556
0 0.47421875 0.6944444444444444 0.1390625 0.2111111111111111
0 0.1234375 0.4083333333333333 0.1140625 0.3388888888888889
