0 0.0175 0.13047619047619047 0.029285714285714286 0.04
0 0.3439285714285714 0.07428571428571429 0.016428571428571428 0.045714285714285714
0 0.2860714285714286 0.18047619047619048 0.020714285714285713 0.039047619047619046
0 0.30178571428571427 0.17809523809523808 0.015 0.0380952380952381
0 0.1382142857142857 0.37476190476190474 0.027857142857142858 0.040952380952380955
0 0.2860714285714286 0.5804761904761905 0.017857142857142856 0.040952380952380955
0 0.27464285714285713 0.7952380952380952 0.03214285714285714 0.05523809523809524
0 0.3925 0.7390476190476191 0.02642857142857143 0.04
0 0.10214285714285715 0.96 0.03857142857142857 0.06285714285714286
0 0.7117857142857142 0.7085714285714285 0.02214285714285714 0.030476190476190476
0 0.8096428571428571 0.21333333333333335 0.019285714285714285 0.03238095238095238
