0 0.19714285714285715 0.18972081218274112 0.008571428571428572 0.01903553299492386
0 0.14035714285714285 0.4206852791878173 0.012142857142857143 0.01903553299492386
0 0.21857142857142858 0.6522842639593909 0.01 0.02030456852791878
0 0.10464285714285715 0.6605329949238579 0.007857142857142858 0.01649746192893401
0 0.09821428571428571 0.6763959390862944 0.007857142857142858 0.017766497461928935
0 0.024285714285714285 0.7106598984771574 0.014285714285714285 0.025380710659898477
0 0.20714285714285716 0.899746192893401 0.007142857142857143 0.02284263959390863
0 0.2342857142857143 0.9181472081218274 0.008571428571428572 0.01903553299492386
0 0.7921428571428571 0.9873096446700508 0.008571428571428572 0.017766497461928935
0 0.7585714285714286 0.8445431472081218 0.008571428571428572 0.01903553299492386
0 0.6707142857142857 0.8362944162436549 0.01 0.03553299492385787
0 0.5814285714285714 0.7036802030456852 0.008571428571428572 0.0266497461928934
0 0.6978571428571428 0.6370558375634517 0.005714285714285714 0.02030456852791878
0 0.6467857142857143 0.6021573604060914 0.007857142857142858 0.01649746192893401
0 0.7242857142857143 0.549492385786802 0.004285714285714286 0.017766497461928935
0 0.7110714285714286 0.42956852791878175 0.0064285714285714285 0.0266497461928934
0 0.7021428571428572 0.4365482233502538 0.007142857142857143 0.027918781725888325
0 0.6907142857142857 0.4536802030456853 0.007142857142857143 0.024111675126903553
0 0.6517857142857143 0.42449238578680204 0.005 0.01649746192893401
0 0.6235714285714286 0.40926395939086296 0.011428571428571429 0.01649746192893401
0 0.6032142857142857 0.4232233502538071 0.0064285714285714285 0.02918781725888325
0 0.67 0.34073604060913704 0.004285714285714286 0.01649746192893401
0 0.6628571428571428 0.32550761421319796 0.005714285714285714 0.01903553299492386
0 0.6192857142857143 0.3293147208121827 0.012857142857142857 0.021573604060913704
0 0.6514285714285715 0.2868020304568528 0.008571428571428572 0.02030456852791878
0 0.6292857142857143 0.28426395939086296 0.007142857142857143 0.02030456852791878
0 0.6625 0.22081218274111675 0.007857142857142858 0.02030456852791878
0 0.6507142857142857 0.2233502538071066 0.007142857142857143 0.017766497461928935
0 0.6228571428571429 0.24809644670050762 0.008571428571428572 0.021573604060913704
0 0.6325 0.116751269035533 0.0064285714285714285 0.02030456852791878
0 0.6396428571428572 0.0717005076142132 0.005 0.01903553299492386
0 0.6217857142857143 0.02728426395939086 0.0064285714285714285 0.01903553299492386
0 0.25142857142857145 0.24809644670050762 0.007142857142857143 0.01903553299492386
0 0.22 0.6713197969543148 0.011428571428571429 0.02030456852791878
0 0.10571428571428572 0.6573604060913706 0.008571428571428572 0.017766497461928935
0 0.21428571428571427 0.8934010152284264 0.007142857142857143 0.02030456852791878
0 0.22714285714285715 0.932741116751269 0.011428571428571429 0.02030456852791878
0 0.22464285714285714 0.9175126903553299 0.007857142857142858 0.017766497461928935
0 0.7935714285714286 0.9758883248730964 0.008571428571428572 0.017766497461928935
0 0.7703571428571429 0.8483502538071066 0.009285714285714286 0.021573604060913704
0 0.6428571428571429 0.5977157360406091 0.007142857142857143 0.017766497461928935
0 0.72 0.5475888324873096 0.005714285714285714 0.01903553299492386
0 0.6467857142857143 0.42385786802030456 0.0064285714285714285 0.017766497461928935
0 0.6417857142857143 0.4200507614213198 0.0064285714285714285 0.015228426395939087
0 0.6932142857142857 0.37944162436548223 0.0064285714285714285 0.02030456852791878
0 0.6732142857142858 0.3413705583756345 0.005 0.017766497461928935
0 0.625 0.3369289340101523 0.004285714285714286 0.01649746192893401
0 0.6246428571428572 0.2893401015228426 0.005 0.012690355329949238
0 0.6189285714285714 0.2880710659898477 0.0064285714285714285 0.015228426395939087
0 0.6210714285714286 0.27093908629441626 0.007857142857142858 0.01649746192893401
0 0.6546428571428572 0.22144670050761422 0.005 0.021573604060913704
0 0.6428571428571429 0.07233502538071065 0.005714285714285714 0.02284263959390863
