0 0.2710714285714286 0.9194162436548223 0.010714285714285714 0.021573604060913704
0 0.2714285714285714 0.8965736040609137 0.01 0.01903553299492386
0 0.2689285714285714 0.8864213197969543 0.009285714285714286 0.021573604060913704
0 0.17964285714285713 0.3635786802030457 0.013571428571428571 0.024111675126903553
0 0.31107142857142855 0.14213197969543148 0.0064285714285714285 0.030456852791878174
0 0.5171428571428571 0.2614213197969543 0.007142857142857143 0.02284263959390863
0 0.1925 0.2182741116751269 0.007857142857142858 0.027918781725888325
0 0.195 0.21192893401015228 0.01 0.027918781725888325
0 0.24464285714285713 0.2899746192893401 0.009285714285714286 0.02918781725888325
0 0.25285714285714284 0.2956852791878173 0.007142857142857143 0.02284263959390863
0 0.2571428571428571 0.2918781725888325 0.01 0.02030456852791878
0 0.4307142857142857 0.881979695431472 0.007142857142857143 0.025380710659898477
0 0.71 0.9403553299492385 0.008571428571428572 0.017766497461928935
