0 0.5714285714285714 0.21523809523809523 0.0014285714285714286 0.005714285714285714
0 0.5760714285714286 0.2138095238095238 0.002142857142857143 0.006666666666666667
0 0.7589285714285714 0.8380952380952381 0.013571428571428571 0.02666666666666667
0 0.7421428571428571 0.8380952380952381 0.012857142857142857 0.02857142857142857
0 0.7253571428571428 0.8376190476190476 0.013571428571428571 0.029523809523809525
0 0.6425 0.680952380952381 0.009285714285714286 0.022857142857142857
0 0.6646428571428571 0.5833333333333334 0.007857142857142858 0.021904761904761906
0 0.6425 0.5061904761904762 0.0064285714285714285 0.014285714285714285
0 0.6557142857142857 0.5061904761904762 0.005714285714285714 0.012380952380952381
0 0.6342857142857142 0.4280952380952381 0.005714285714285714 0.01619047619047619
0 0.8289285714285715 0.3419047619047619 0.009285714285714286 0.022857142857142857
0 0.5667857142857143 0.18095238095238095 0.002142857142857143 0.0038095238095238095
0 0.5696428571428571 0.2042857142857143 0.002142857142857143 0.004761904761904762
0 0.5682142857142857 0.21523809523809523 0.002142857142857143 0.0038095238095238095
0 0.5757142857142857 0.23238095238095238 0.002857142857142857 0.0038095238095238095
0 0.5482142857142858 0.23809523809523808 0.0035714285714285713 0.007619047619047619
0 0.6221428571428571 0.43047619047619046 0.005714285714285714 0.013333333333333334
