0 0.24428571428571427 0.3496192893401015 0.01 0.024111675126903553
0 0.32107142857142856 0.20748730964467005 0.007857142857142858 0.031725888324873094
0 0.3385714285714286 0.20748730964467005 0.008571428571428572 0.0266497461928934
0 0.4235714285714286 0.2715736040609137 0.008571428571428572 0.02284263959390863
0 0.4785714285714286 0.3965736040609137 0.007142857142857143 0.01649746192893401
0 0.4657142857142857 0.43591370558375636 0.008571428571428572 0.01903553299492386
0 0.46285714285714286 0.4619289340101523 0.008571428571428572 0.02030456852791878
0 0.4832142857142857 0.34517766497461927 0.007857142857142858 0.025380710659898477
0 0.6417857142857143 0.756979695431472 0.009285714285714286 0.024111675126903553
0 0.6528571428571428 0.7423857868020305 0.008571428571428572 0.017766497461928935
