0 0.9425 0.9682741116751269 0.025 0.02284263959390863
0 0.10428571428571429 0.030456852791878174 0.008571428571428572 0.030456852791878174
0 0.045 0.157994923857868 0.01 0.031725888324873094
0 0.12214285714285714 0.005710659898477157 0.008571428571428572 0.011421319796954314
0 0.06321428571428571 0.37119289340101524 0.013571428571428571 0.031725888324873094
0 0.2067857142857143 0.6624365482233503 0.009285714285714286 0.030456852791878174
0 0.29035714285714287 0.35786802030456855 0.012142857142857143 0.030456852791878174
0 0.4392857142857143 0.616751269035533 0.011428571428571429 0.030456852791878174
0 0.4275 0.6789340101522843 0.009285714285714286 0.025380710659898477
0 0.49714285714285716 0.5736040609137056 0.008571428571428572 0.025380710659898477
0 0.5164285714285715 0.5958121827411168 0.008571428571428572 0.02918781725888325
0 0.6257142857142857 0.5818527918781726 0.012857142857142857 0.0266497461928934
0 0.7332142857142857 0.5272842639593909 0.010714285714285714 0.031725888324873094
0 0.8485714285714285 0.5133248730964467 0.014285714285714285 0.0266497461928934
0 0.8825 0.5285532994923858 0.010714285714285714 0.024111675126903553
0 0.9485714285714286 0.5209390862944162 0.014285714285714285 0.031725888324873094
0 0.7764285714285715 0.28616751269035534 0.012857142857142857 0.02918781725888325
0 0.7735714285714286 0.27284263959390864 0.011428571428571429 0.030456852791878174
0 0.7417857142857143 0.18908629441624367 0.0064285714285714285 0.025380710659898477
0 0.4875 0.11421319796954314 0.005 0.027918781725888325
0 0.5064285714285715 0.13071065989847716 0.005714285714285714 0.025380710659898477
0 0.48857142857142855 0.10913705583756345 0.005714285714285714 0.025380710659898477
0 0.49392857142857144 0.10596446700507614 0.007857142857142858 0.0266497461928934
0 0.49892857142857144 0.108502538071066 0.005 0.01649746192893401
0 0.4957142857142857 0.07233502538071065 0.004285714285714286 0.02284263959390863
0 0.4992857142857143 0.041243654822335024 0.004285714285714286 0.021573604060913704
0 0.5021428571428571 0.04314720812182741 0.004285714285714286 0.02284263959390863
0 0.5064285714285715 0.05456852791878172 0.007142857142857143 0.025380710659898477
0 0.5146428571428572 0.05520304568527919 0.005 0.0266497461928934
0 0.5207142857142857 0.050761421319796954 0.004285714285714286 0.02284263959390863
0 0.5196428571428572 0.00951776649746193 0.0035714285714285713 0.01903553299492386
0 0.5217857142857143 0.29885786802030456 0.0064285714285714285 0.031725888324873094
0 0.7439285714285714 0.9822335025380711 0.012142857142857143 0.03299492385786802
0 0.8578571428571429 0.7214467005076142 0.011428571428571429 0.031725888324873094
0 0.8003571428571429 0.7595177664974619 0.010714285714285714 0.021573604060913704
0 0.7328571428571429 0.866751269035533 0.01 0.025380710659898477
0 0.7392857142857143 0.8648477157360406 0.007142857142857143 0.021573604060913704
0 0.6864285714285714 0.8083756345177665 0.007142857142857143 0.025380710659898477
0 0.6646428571428571 0.7836294416243654 0.009285714285714286 0.024111675126903553
0 0.6635714285714286 0.7557106598984772 0.01 0.024111675126903553
0 0.5296428571428572 0.7836294416243654 0.007857142857142858 0.021573604060913704
0 0.5467857142857143 0.7468274111675127 0.009285714285714286 0.0266497461928934
