0 0.58625 0.3293333333333333 0.0065 0.017333333333333333
0 0.54125 0.176 0.0035 0.006666666666666667
0 0.5255 0.17466666666666666 0.003 0.009333333333333334
0 0.58225 0.19533333333333333 0.0035 0.010666666666666666
0 0.21625 0.604 0.0145 0.036
0 0.09775 0.9446666666666667 0.0225 0.048
0 0.4955 0.44666666666666666 0.005 0.02666666666666667
0 0.5045 0.2926666666666667 0.006 0.018666666666666668
0 0.5095 0.2916666666666667 0.005 0.018
0 0.47975 0.2623333333333333 0.0035 0.008666666666666666
0 0.482 0.22466666666666665 0.003 0.013333333333333334
0 0.5555 0.256 0.005 0.017333333333333333
0 0.5585 0.388 0.009 0.028
