0 0.30142857142857143 0.7333333333333333 0.025714285714285714 0.06476190476190476
0 0.395 0.5161904761904762 0.015714285714285715 0.045714285714285714
0 0.4539285714285714 0.4357142857142857 0.013571428571428571 0.04285714285714286
0 0.48964285714285716 0.4328571428571429 0.013571428571428571 0.04857142857142857
0 0.5203571428571429 0.4176190476190476 0.009285714285714286 0.04476190476190476
0 0.5335714285714286 0.41285714285714287 0.012857142857142857 0.05047619047619047
0 0.5457142857142857 0.4104761904761905 0.011428571428571429 0.0419047619047619
0 0.07321428571428572 0.34476190476190477 0.015 0.0419047619047619
0 0.047857142857142855 0.30095238095238097 0.017142857142857144 0.0380952380952381
0 0.05714285714285714 0.3080952380952381 0.017142857142857144 0.02761904761904762
0 0.07964285714285714 0.2823809523809524 0.013571428571428571 0.037142857142857144
0 0.08642857142857142 0.27714285714285714 0.01 0.02666666666666667
0 0.41928571428571426 0.36047619047619045 0.01 0.023809523809523808
0 0.9042857142857142 0.4895238095238095 0.027142857142857142 0.0419047619047619
0 0.6960714285714286 0.48523809523809525 0.016428571428571428 0.04857142857142857
0 0.5232142857142857 0.36047619047619045 0.012142857142857143 0.04285714285714286
0 0.5407142857142857 0.36047619047619045 0.01 0.023809523809523808
0 0.4521428571428571 0.2819047619047619 0.01 0.02857142857142857
0 0.44392857142857145 0.3352380952380952 0.010714285714285714 0.03428571428571429
0 0.4432142857142857 0.3385714285714286 0.0064285714285714285 0.025714285714285714
0 0.5621428571428572 0.49047619047619045 0.014285714285714285 0.05142857142857143
