0 0.2757142857142857 0.5814285714285714 0.004285714285714286 0.012380952380952381
0 0.28785714285714287 0.5847619047619048 0.004285714285714286 0.011428571428571429
0 0.2382142857142857 0.5485714285714286 0.0035714285714285713 0.005714285714285714
0 0.11464285714285714 0.4614285714285714 0.0035714285714285713 0.010476190476190476
0 0.15892857142857142 0.4614285714285714 0.002142857142857143 0.008571428571428572
0 0.17 0.4595238095238095 0.002857142857142857 0.008571428571428572
0 0.15678571428571428 0.4638095238095238 0.002142857142857143 0.005714285714285714
0 0.7046428571428571 0.39714285714285713 0.002142857142857143 0.007619047619047619
0 0.7078571428571429 0.39666666666666667 0.002857142857142857 0.008571428571428572
0 0.6057142857142858 0.7728571428571429 0.002857142857142857 0.014285714285714285
0 0.5875 0.8747619047619047 0.0064285714285714285 0.014285714285714285
0 0.5925 0.9319047619047619 0.005 0.010476190476190476
0 0.49964285714285717 0.9157142857142857 0.009285714285714286 0.014285714285714285
0 0.6567857142857143 0.7138095238095238 0.005 0.012380952380952381
0 0.605 0.6766666666666666 0.004285714285714286 0.008571428571428572
0 0.5282142857142857 0.5319047619047619 0.0035714285714285713 0.008571428571428572
0 0.41285714285714287 0.560952380952381 0.002857142857142857 0.007619047619047619
0 0.4089285714285714 0.5614285714285714 0.002142857142857143 0.010476190476190476
0 0.6114285714285714 0.4861904761904762 0.002857142857142857 0.006666666666666667
0 0.6164285714285714 0.4766666666666667 0.002857142857142857 0.006666666666666667
0 0.6046428571428571 0.49952380952380954 0.005 0.006666666666666667
0 0.43 0.71 0.005714285714285714 0.006666666666666667
