0 0.08392857142857142 0.9723809523809523 0.010714285714285714 0.007619047619047619
0 0.13071428571428573 0.9119047619047619 0.007142857142857143 0.004761904761904762
0 0.235 0.8323809523809523 0.004285714285714286 0.005714285714285714
0 0.23964285714285713 0.8333333333333334 0.005 0.0038095238095238095
0 0.32392857142857145 0.559047619047619 0.0035714285714285713 0.005714285714285714
0 0.8839285714285714 0.42904761904761907 0.005 0.004761904761904762
0 0.8714285714285714 0.09761904761904762 0.004285714285714286 0.006666666666666667
0 0.8803571428571428 0.14904761904761904 0.005 0.008571428571428572
0 0.7821428571428571 0.04619047619047619 0.004285714285714286 0.006666666666666667
0 0.7864285714285715 0.03619047619047619 0.004285714285714286 0.007619047619047619
0 0.4992857142857143 0.4280952380952381 0.004285714285714286 0.004761904761904762
0 0.5010714285714286 0.43333333333333335 0.005 0.0038095238095238095
0 0.4828571428571429 0.41095238095238096 0.004285714285714286 0.006666666666666667
