0 0.5067857142857143 0.33946700507614214 0.0035714285714285713 0.006345177664974619
0 0.8246428571428571 0.5602791878172588 0.0035714285714285713 0.011421319796954314
0 0.82 0.5571065989847716 0.004285714285714286 0.012690355329949238
0 0.8217857142857142 0.5596446700507615 0.0035714285714285713 0.01015228426395939
0 0.8282142857142857 0.5748730964467005 0.0035714285714285713 0.007614213197969543
0 0.8232142857142857 0.5736040609137056 0.005 0.01015228426395939
0 0.8307142857142857 0.5678934010152284 0.002857142857142857 0.008883248730964468
0 0.8303571428571429 0.5634517766497462 0.005 0.01015228426395939
0 0.8146428571428571 0.6053299492385786 0.0035714285714285713 0.007614213197969543
0 0.8857142857142857 0.434010152284264 0.004285714285714286 0.007614213197969543
0 0.8853571428571428 0.40926395939086296 0.0035714285714285713 0.008883248730964468
0 0.8825 0.40418781725888325 0.002142857142857143 0.008883248730964468
0 0.8928571428571429 0.41941624365482233 0.004285714285714286 0.011421319796954314
0 0.9089285714285714 0.3680203045685279 0.005 0.012690355329949238
0 0.8975 0.41116751269035534 0.0035714285714285713 0.007614213197969543
0 0.8889285714285714 0.41053299492385786 0.005 0.011421319796954314
0 0.8875 0.42258883248730966 0.0035714285714285713 0.01015228426395939
0 0.8796428571428572 0.4346446700507614 0.0035714285714285713 0.008883248730964468
0 0.8678571428571429 0.45875634517766495 0.002857142857142857 0.008883248730964468
0 0.8225 0.5323604060913706 0.0035714285714285713 0.006345177664974619
0 0.9607142857142857 0.1751269035532995 0.004285714285714286 0.01015228426395939
0 0.9521428571428572 0.23096446700507614 0.004285714285714286 0.01015228426395939
0 0.9507142857142857 0.21890862944162437 0.004285714285714286 0.008883248730964468
0 0.9492857142857143 0.22715736040609136 0.002857142857142857 0.01015228426395939
0 0.9732142857142857 0.09517766497461928 0.005 0.007614213197969543
0 0.9746428571428571 0.08375634517766498 0.005 0.01015228426395939
0 0.9867857142857143 0.02728426395939086 0.0035714285714285713 0.013959390862944163
0 0.9932142857142857 0.015862944162436547 0.0035714285714285713 0.011421319796954314
0 0.9903571428571428 0.006979695431472081 0.005 0.013959390862944163
0 0.9828571428571429 0.05203045685279188 0.004285714285714286 0.007614213197969543
0 0.9803571428571428 0.07550761421319797 0.005 0.013959390862944163
0 0.9810714285714286 0.06662436548223351 0.0064285714285714285 0.013959390862944163
0 0.9825 0.05964467005076142 0.0035714285714285713 0.012690355329949238
