0 0.5178571428571429 0.2138095238095238 0.008571428571428572 0.023809523809523808
0 0.5257142857142857 0.24333333333333335 0.01 0.03142857142857143
0 0.2982142857142857 0.0761904761904762 0.010714285714285714 0.02666666666666667
0 0.395 0.07809523809523809 0.012857142857142857 0.0380952380952381
0 0.43642857142857144 0.3238095238095238 0.012857142857142857 0.022857142857142857
0 0.42178571428571426 0.4228571428571429 0.010714285714285714 0.02095238095238095
0 0.49892857142857144 0.40523809523809523 0.009285714285714286 0.014285714285714285
0 0.46535714285714286 0.32047619047619047 0.013571428571428571 0.021904761904761906
0 0.4853571428571429 0.3119047619047619 0.010714285714285714 0.023809523809523808
0 0.30142857142857143 0.20857142857142857 0.012857142857142857 0.02666666666666667
0 0.3921428571428571 0.37333333333333335 0.012857142857142857 0.015238095238095238
0 0.4607142857142857 0.27666666666666667 0.007142857142857143 0.01619047619047619
0 0.4639285714285714 0.2538095238095238 0.013571428571428571 0.02
0 0.38607142857142857 0.29 0.015 0.023809523809523808
0 0.35 0.28523809523809524 0.012857142857142857 0.025714285714285714
0 0.5075 0.3719047619047619 0.013571428571428571 0.018095238095238095
0 0.5039285714285714 0.38952380952380955 0.015 0.017142857142857144
0 0.44392857142857145 0.5271428571428571 0.013571428571428571 0.018095238095238095
0 0.42857142857142855 0.5138095238095238 0.012857142857142857 0.021904761904761906
0 0.5525 0.8595238095238096 0.015 0.035238095238095235
0 0.5521428571428572 0.7704761904761904 0.014285714285714285 0.024761904761904763
0 0.47035714285714286 0.6552380952380953 0.015 0.01904761904761905
0 0.5103571428571428 0.7323809523809524 0.019285714285714285 0.02095238095238095
