0 0.0855 0.533 0.013 0.027333333333333334
0 0.053 0.38433333333333336 0.005 0.012666666666666666
0 0.04875 0.38166666666666665 0.0035 0.012666666666666666
0 0.1395 0.385 0.003 0.008666666666666666
0 0.80475 0.5653333333333334 0.0085 0.029333333333333333
0 0.76875 0.6063333333333333 0.0105 0.024666666666666667
0 0.718 0.5533333333333333 0.007 0.018666666666666668
0 0.715 0.5546666666666666 0.005 0.02
0 0.64 0.4593333333333333 0.004 0.016
0 0.633 0.44766666666666666 0.002 0.015333333333333332
0 0.6395 0.45 0.003 0.017333333333333333
0 0.4565 0.336 0.002 0.006666666666666667
