0 0.35214285714285715 0.567258883248731 0.012857142857142857 0.025380710659898477
0 0.33071428571428574 0.5786802030456852 0.011428571428571429 0.017766497461928935
0 0.32607142857142857 0.5983502538071066 0.013571428571428571 0.031725888324873094
0 0.30714285714285716 0.5704314720812182 0.01 0.021573604060913704
0 0.3078571428571429 0.5926395939086294 0.011428571428571429 0.02284263959390863
0 0.3842857142857143 0.3166243654822335 0.014285714285714285 0.031725888324873094
0 0.9167857142857143 0.6967005076142132 0.019285714285714285 0.03553299492385787
0 0.9039285714285714 0.9486040609137056 0.013571428571428571 0.02918781725888325
0 0.9332142857142857 0.9708121827411168 0.012142857142857143 0.027918781725888325
0 0.9389285714285714 0.993020304568528 0.013571428571428571 0.011421319796954314
0 0.048214285714285716 0.699238578680203 0.020714285714285713 0.025380710659898477
0 0.048214285714285716 0.6795685279187818 0.020714285714285713 0.024111675126903553
0 0.8646428571428572 0.13261421319796954 0.012142857142857143 0.03680203045685279
