0 0.50625 0.964 0.0115 0.044
0 0.49425 0.976 0.0095 0.04
0 0.30825 0.958 0.0095 0.034666666666666665
0 0.2965 0.9486666666666667 0.012 0.034666666666666665
0 0.28975 0.9576666666666667 0.0135 0.03
0 0.23575 0.9043333333333333 0.0125 0.03666666666666667
0 0.01675 0.6896666666666667 0.0085 0.020666666666666667
0 0.02675 0.678 0.0075 0.024
0 0.03375 0.6996666666666667 0.0065 0.019333333333333334
0 0.14975 0.4826666666666667 0.0025 0.009333333333333334
0 0.1585 0.49233333333333335 0.003 0.01
0 0.1785 0.806 0.011 0.02666666666666667
0 0.1685 0.8106666666666666 0.007 0.02266666666666667
0 0.26575 0.889 0.0125 0.03666666666666667
0 0.1315 0.701 0.007 0.024666666666666667
0 0.02825 0.631 0.0065 0.011333333333333334
0 0.5815 0.9706666666666667 0.008 0.04
0 0.65325 0.9606666666666667 0.0115 0.04666666666666667
0 0.64675 0.9676666666666667 0.0115 0.04466666666666667
0 0.6225 0.9456666666666667 0.009 0.034
0 0.62925 0.9516666666666667 0.0095 0.028666666666666667
0 0.529 0.9033333333333333 0.01 0.04
0 0.5555 0.9146666666666666 0.012 0.03866666666666667
0 0.57725 0.9116666666666666 0.0085 0.038
0 0.57625 0.8873333333333333 0.0115 0.025333333333333333
0 0.55725 0.8873333333333333 0.0105 0.034666666666666665
0 0.6155 0.8953333333333333 0.007 0.03866666666666667
0 0.63075 0.899 0.0095 0.034
0 0.65025 0.8526666666666667 0.0085 0.029333333333333333
0 0.5965 0.8783333333333333 0.009 0.024666666666666667
0 0.6045 0.892 0.009 0.036
0 0.60875 0.873 0.0095 0.019333333333333334
0 0.62 0.888 0.008 0.037333333333333336
0 0.61875 0.8706666666666667 0.0065 0.02666666666666667
0 0.61425 0.8626666666666667 0.0075 0.02666666666666667
0 0.63 0.8686666666666667 0.008 0.021333333333333333
0 0.64075 0.862 0.0085 0.02266666666666667
0 0.7085 0.8406666666666667 0.011 0.029333333333333333
0 0.81375 0.8486666666666667 0.0095 0.032
0 0.77 0.804 0.008 0.02
0 0.75575 0.8083333333333333 0.0125 0.015333333333333332
0 0.82425 0.7776666666666666 0.0095 0.018
0 0.85775 0.796 0.0075 0.028
0 0.86075 0.817 0.0105 0.026
0 0.81775 0.7443333333333333 0.0105 0.027333333333333334
0 0.82525 0.7466666666666667 0.0065 0.02
0 0.8735 0.747 0.005 0.024666666666666667
0 0.883 0.752 0.005 0.028
0 0.996 0.7026666666666667 0.007 0.025333333333333333
0 0.98775 0.932 0.0145 0.037333333333333336
0 0.4405 0.8453333333333334 0.01 0.029333333333333333
0 0.43525 0.8153333333333334 0.0125 0.021333333333333333
0 0.44425 0.8063333333333333 0.0095 0.016666666666666666
0 0.4465 0.8173333333333334 0.01 0.009333333333333334
0 0.4495 0.8286666666666667 0.008 0.02
