0 0.16428571428571428 0.02918781725888325 0.002857142857142857 0.012690355329949238
0 0.9625 0.7315989847715736 0.005 0.01649746192893401
0 0.9475 0.8876903553299492 0.0064285714285714285 0.013959390862944163
0 0.9428571428571428 0.7043147208121827 0.005714285714285714 0.007614213197969543
0 0.9321428571428572 0.6383248730964467 0.01 0.012690355329949238
0 0.9289285714285714 0.625 0.0064285714285714285 0.008883248730964468
0 0.9317857142857143 0.6218274111675127 0.0064285714285714285 0.01015228426395939
0 0.875 0.5304568527918782 0.005714285714285714 0.012690355329949238
0 0.8542857142857143 0.5196700507614214 0.004285714285714286 0.013959390862944163
0 0.8575 0.5234771573604061 0.005 0.011421319796954314
0 0.8364285714285714 0.39847715736040606 0.005714285714285714 0.012690355329949238
0 0.7082142857142857 0.2956852791878173 0.0035714285714285713 0.012690355329949238
0 0.7142857142857143 0.29758883248730966 0.002857142857142857 0.013959390862944163
0 0.4525 0.19733502538071065 0.002142857142857143 0.011421319796954314
0 0.45571428571428574 0.19606598984771573 0.002857142857142857 0.013959390862944163
0 0.4832142857142857 0.15736040609137056 0.002142857142857143 0.012690355329949238
0 0.48464285714285715 0.157994923857868 0.002142857142857143 0.011421319796954314
0 0.5907142857142857 0.03426395939086294 0.002857142857142857 0.01015228426395939
0 0.5707142857142857 0.06218274111675127 0.002857142857142857 0.01015228426395939
0 0.5653571428571429 0.06091370558375635 0.002142857142857143 0.01015228426395939
0 0.5732142857142857 0.07043147208121828 0.0035714285714285713 0.008883248730964468
