0 0.29675 0.6923333333333334 0.0155 0.022
0 0.5945 0.633 0.012 0.018
0 0.20175 0.9236666666666666 0.0205 0.018
0 0.2455 0.9436666666666667 0.016 0.018
0 0.59 0.032 0.008 0.012
0 0.72675 0.07233333333333333 0.0075 0.018
0 0.7305 0.07033333333333333 0.008 0.018
0 0.75575 0.09866666666666667 0.0095 0.02
0 0.77375 0.17966666666666667 0.0065 0.015333333333333332
0 0.954 0.3586666666666667 0.011 0.02266666666666667
0 0.96075 0.36333333333333334 0.0115 0.02266666666666667
0 0.14675 0.9406666666666667 0.0195 0.028
