0 0.2557142857142857 0.23 0.008571428571428572 0.010476190476190476
0 0.2892857142857143 0.23714285714285716 0.01 0.01904761904761905
0 0.2782142857142857 0.2019047619047619 0.012142857142857143 0.02095238095238095
0 0.30357142857142855 0.22333333333333333 0.011428571428571429 0.021904761904761906
0 0.34035714285714286 0.13333333333333333 0.007857142857142858 0.01904761904761905
0 0.2692857142857143 0.4657142857142857 0.014285714285714285 0.015238095238095238
0 0.27535714285714286 0.4623809523809524 0.015 0.021904761904761906
0 0.3357142857142857 0.690952380952381 0.011428571428571429 0.02761904761904762
0 0.26035714285714284 0.9385714285714286 0.017857142857142856 0.03333333333333333
0 0.2671428571428571 0.8766666666666667 0.01 0.03142857142857143
