0 0.627 0.9346666666666666 0.022 0.06933333333333333
0 0.7385 0.8716666666666667 0.035 0.074
0 0.53125 0.8423333333333334 0.0205 0.07666666666666666
0 0.52625 0.824 0.0115 0.029333333333333333
0 0.51675 0.9106666666666666 0.0365 0.076
0 0.30875 0.9636666666666667 0.0395 0.06066666666666667
0 0.2935 0.9436666666666667 0.024 0.04466666666666667
0 0.336 0.6406666666666667 0.033 0.056
0 0.41825 0.6503333333333333 0.0195 0.056666666666666664
0 0.435 0.6723333333333333 0.021 0.06466666666666666
0 0.44675 0.6903333333333334 0.0205 0.06733333333333333
0 0.39075 0.5813333333333334 0.0135 0.052
0 0.42725 0.595 0.0215 0.06066666666666667
0 0.41475 0.582 0.0165 0.05466666666666667
0 0.43775 0.5863333333333334 0.0155 0.054
0 0.4235 0.5666666666666667 0.018 0.05333333333333334
0 0.3835 0.5693333333333334 0.012 0.06133333333333333
0 0.41875 0.5476666666666666 0.0145 0.054
0 0.43425 0.543 0.0125 0.051333333333333335
0 0.4515 0.5806666666666667 0.011 0.058666666666666666
0 0.45275 0.5416666666666666 0.0185 0.03133333333333333
0 0.4785 0.5583333333333333 0.015 0.051333333333333335
0 0.512 0.5776666666666667 0.012 0.054
0 0.53325 0.564 0.0115 0.05466666666666667
0 0.547 0.5356666666666666 0.012 0.046
0 0.522 0.5343333333333333 0.013 0.04733333333333333
0 0.50175 0.5283333333333333 0.0125 0.05266666666666667
0 0.48825 0.5486666666666666 0.0135 0.028
0 0.4875 0.5196666666666667 0.02 0.04066666666666666
0 0.5065 0.501 0.017 0.046
0 0.51375 0.5023333333333333 0.0085 0.059333333333333335
0 0.5365 0.5233333333333333 0.011 0.050666666666666665
0 0.531 0.495 0.014 0.042
0 0.542 0.49133333333333334 0.012 0.029333333333333333
0 0.55275 0.47833333333333333 0.0125 0.04466666666666667
0 0.55225 0.5043333333333333 0.0125 0.04466666666666667
0 0.5605 0.49833333333333335 0.009 0.048666666666666664
0 0.565 0.5626666666666666 0.013 0.050666666666666665
0 0.577 0.5676666666666667 0.018 0.054
0 0.56425 0.5793333333333334 0.0085 0.018666666666666668
0 0.57075 0.5836666666666667 0.0085 0.019333333333333334
0 0.5255 0.639 0.014 0.03
0 0.52425 0.6473333333333333 0.0145 0.06133333333333333
0 0.12125 0.648 0.0265 0.064
0 0.1725 0.562 0.02 0.058666666666666666
0 0.2005 0.5123333333333333 0.019 0.046
0 0.19375 0.5313333333333333 0.0175 0.037333333333333336
0 0.2265 0.49166666666666664 0.015 0.03266666666666666
0 0.25075 0.506 0.0135 0.034666666666666665
0 0.24125 0.48233333333333334 0.0135 0.03266666666666666
0 0.2465 0.496 0.014 0.037333333333333336
0 0.387 0.37133333333333335 0.011 0.036
0 0.412 0.3303333333333333 0.009 0.023333333333333334
0 0.42575 0.3233333333333333 0.0085 0.02
0 0.44525 0.328 0.0055 0.02666666666666667
0 0.6295 0.4533333333333333 0.012 0.037333333333333336
0 0.6295 0.41233333333333333 0.013 0.042
0 0.70125 0.44433333333333336 0.0125 0.043333333333333335
0 0.73075 0.438 0.0155 0.044
0 0.6805 0.411 0.01 0.019333333333333334
0 0.696 0.404 0.01 0.025333333333333333
0 0.74875 0.387 0.0115 0.034
0 0.75025 0.37633333333333335 0.0135 0.03266666666666666
0 0.80025 0.36833333333333335 0.0115 0.038
0 0.77925 0.3893333333333333 0.0155 0.032
0 0.9345 0.49433333333333335 0.022 0.04066666666666666
0 0.98875 0.49566666666666664 0.0225 0.04733333333333333
0 0.98475 0.44 0.0155 0.037333333333333336
0 0.967 0.36533333333333334 0.02 0.032
0 0.8025 0.33566666666666667 0.01 0.03133333333333333
0 0.806 0.3323333333333333 0.009 0.03
0 0.843 0.3463333333333333 0.009 0.026
0 0.8505 0.348 0.012 0.03333333333333333
0 0.86425 0.3446666666666667 0.0105 0.02666666666666667
0 0.87825 0.354 0.0135 0.034666666666666665
0 0.87625 0.327 0.0095 0.027333333333333334
0 0.90025 0.31833333333333336 0.0095 0.028666666666666667
0 0.89275 0.3263333333333333 0.0075 0.012666666666666666
0 0.94575 0.32566666666666666 0.0125 0.022
0 0.95025 0.25266666666666665 0.0115 0.024
0 0.82675 0.229 0.0045 0.018
