0 0.42725 0.3373333333333333 0.0155 0.04533333333333334
0 0.4285 0.2816666666666667 0.009 0.043333333333333335
0 0.428 0.23633333333333334 0.011 0.03666666666666667
0 0.438 0.26166666666666666 0.008 0.038
0 0.43425 0.254 0.0075 0.036
0 0.9325 0.261 0.015 0.04066666666666666
0 0.8065 0.09733333333333333 0.007 0.021333333333333333
0 0.73625 0.08933333333333333 0.0055 0.024
0 0.74175 0.09033333333333333 0.0045 0.022
0 0.67725 0.07366666666666667 0.0085 0.023333333333333334
0 0.6845 0.07366666666666667 0.004 0.022
0 0.71625 0.061 0.0045 0.012666666666666666
0 0.7035 0.043 0.007 0.022
0 0.61825 0.09366666666666666 0.0085 0.018
0 0.61325 0.09633333333333334 0.0045 0.016666666666666666
0 0.38725 0.06833333333333333 0.0065 0.015333333333333332
