0 0.59625 0.14266666666666666 0.0055 0.021333333333333333
0 0.62425 0.21366666666666667 0.0245 0.03266666666666666
0 0.53 0.3273333333333333 0.039 0.048
0 0.56575 0.18833333333333332 0.0305 0.028666666666666667
0 0.45925 0.24266666666666667 0.0075 0.02266666666666667
0 0.46275 0.237 0.0065 0.026
0 0.83225 0.19266666666666668 0.0065 0.024
0 0.82075 0.113 0.0045 0.011333333333333334
0 0.823 0.13433333333333333 0.006 0.015333333333333332
0 0.2145 0.3506666666666667 0.017 0.03866666666666667
0 0.587 0.10166666666666667 0.004 0.014
0 0.61575 0.09566666666666666 0.0045 0.014
0 0.60575 0.09466666666666666 0.0045 0.014666666666666666
0 0.60175 0.09866666666666667 0.0055 0.016
0 0.6175 0.08333333333333333 0.003 0.013333333333333334
0 0.61225 0.08466666666666667 0.0035 0.013333333333333334
0 0.82025 0.074 0.0035 0.008
0 0.73475 0.030666666666666665 0.0015 0.009333333333333334
0 0.73625 0.030666666666666665 0.0025 0.009333333333333334
0 0.72525 0.053 0.0025 0.008666666666666666
0 0.75175 0.005666666666666667 0.0025 0.007333333333333333
0 0.7535 0.005666666666666667 0.003 0.007333333333333333
0 0.3895 0.24433333333333335 0.005 0.022
