0 0.9042857142857142 0.1280952380952381 0.011428571428571429 0.039047619047619046
0 0.08285714285714285 0.7947619047619048 0.04285714285714286 0.058095238095238096
0 0.06714285714285714 0.30952380952380953 0.027142857142857142 0.05523809523809524
0 0.013214285714285715 0.3861904761904762 0.02642857142857143 0.04666666666666667
0 0.10964285714285714 0.08523809523809524 0.017857142857142856 0.039047619047619046
0 0.12428571428571429 0.0761904761904762 0.015714285714285715 0.030476190476190476
0 0.2317857142857143 0.07523809523809524 0.010714285714285714 0.03619047619047619
0 0.3610714285714286 0.3842857142857143 0.020714285714285713 0.05047619047619047
0 0.1957142857142857 0.023809523809523808 0.011428571428571429 0.02857142857142857
0 0.1775 0.054285714285714284 0.010714285714285714 0.02095238095238095
0 0.16107142857142856 0.020476190476190478 0.009285714285714286 0.03142857142857143
0 0.1825 0.02142857142857143 0.013571428571428571 0.03142857142857143
0 0.7821428571428571 0.02142857142857143 0.007142857142857143 0.040952380952380955
0 0.7896428571428571 0.01904761904761905 0.007857142857142858 0.03619047619047619
0 0.7621428571428571 0.01380952380952381 0.008571428571428572 0.02761904761904762
0 0.009285714285714286 0.44047619047619047 0.018571428571428572 0.04285714285714286
0 0.2953571428571429 0.09857142857142857 0.009285714285714286 0.035238095238095235
0 0.29285714285714287 0.08095238095238096 0.008571428571428572 0.03619047619047619
0 0.29892857142857143 0.07571428571428572 0.010714285714285714 0.03333333333333333
0 0.4089285714285714 0.6238095238095238 0.025 0.047619047619047616
0 0.47928571428571426 0.6247619047619047 0.024285714285714285 0.05523809523809524
0 0.42642857142857143 0.7904761904761904 0.02857142857142857 0.06857142857142857
0 0.6539285714285714 0.3757142857142857 0.010714285714285714 0.05238095238095238
0 0.6482142857142857 0.3661904761904762 0.012142857142857143 0.04857142857142857
0 0.5089285714285714 0.3952380952380952 0.017857142857142856 0.0419047619047619
