0 0.34464285714285714 0.26015228426395937 0.010714285714285714 0.017766497461928935
0 0.5885714285714285 0.11421319796954314 0.004285714285714286 0.02030456852791878
0 0.5917857142857142 0.12690355329949238 0.005 0.02284263959390863
0 0.5967857142857143 0.11802030456852793 0.005 0.025380710659898477
0 0.5764285714285714 0.9549492385786802 0.008571428571428572 0.021573604060913704
0 0.585 0.932741116751269 0.005714285714285714 0.015228426395939087
0 0.5767857142857142 0.9251269035532995 0.009285714285714286 0.015228426395939087
0 0.5471428571428572 0.8953045685279187 0.008571428571428572 0.01649746192893401
0 0.5539285714285714 0.883248730964467 0.010714285714285714 0.015228426395939087
0 0.5578571428571428 0.9098984771573604 0.011428571428571429 0.02030456852791878
