0 0.3955 0.7573333333333333 0.007 0.018666666666666668
0 0.44425 0.786 0.0055 0.018666666666666668
0 0.45875 0.8043333333333333 0.0065 0.020666666666666667
0 0.469 0.8316666666666667 0.006 0.020666666666666667
0 0.492 0.865 0.005 0.020666666666666667
0 0.45725 0.726 0.0045 0.017333333333333333
0 0.4925 0.7673333333333333 0.006 0.016
0 0.4835 0.43666666666666665 0.005 0.009333333333333334
0 0.42175 0.433 0.0045 0.01
0 0.42125 0.439 0.0045 0.011333333333333334
0 0.57975 0.47833333333333333 0.0025 0.012666666666666666
0 0.7825 0.47933333333333333 0.006 0.012
0 0.79125 0.507 0.0055 0.014
0 0.793 0.5113333333333333 0.006 0.014666666666666666
0 0.8025 0.5116666666666667 0.005 0.014
0 0.8015 0.509 0.006 0.014
0 0.9115 0.541 0.006 0.011333333333333334
0 0.965 0.6233333333333333 0.01 0.017333333333333333
