0 0.4160714285714286 0.15038071065989847 0.0035714285714285713 0.013959390862944163
0 0.5278571428571428 0.12373096446700507 0.004285714285714286 0.008883248730964468
0 0.4207142857142857 0.27093908629441626 0.002857142857142857 0.011421319796954314
0 0.44892857142857145 0.31789340101522845 0.0035714285714285713 0.013959390862944163
0 0.4514285714285714 0.3166243654822335 0.002857142857142857 0.011421319796954314
0 0.45714285714285713 0.3730964467005076 0.002857142857142857 0.012690355329949238
0 0.46535714285714286 0.4860406091370558 0.0035714285714285713 0.015228426395939087
0 0.5125 0.5640862944162437 0.0035714285714285713 0.01649746192893401
0 0.46035714285714285 0.5209390862944162 0.0035714285714285713 0.011421319796954314
0 0.45821428571428574 0.5088832487309645 0.002142857142857143 0.012690355329949238
0 0.5396428571428571 0.725253807106599 0.0035714285714285713 0.01649746192893401
0 0.5439285714285714 0.7233502538071066 0.005 0.017766497461928935
0 0.4210714285714286 0.0399746192893401 0.002142857142857143 0.006345177664974619
0 0.5896428571428571 0.9168781725888325 0.0035714285714285713 0.01649746192893401
