0 0.44925 0.75 0.0235 0.04533333333333334
0 0.45075 0.7376666666666667 0.0215 0.05
0 0.36875 0.38 0.0115 0.03866666666666667
0 0.4025 0.373 0.014 0.04066666666666666
0 0.409 0.3546666666666667 0.014 0.03866666666666667
0 0.3405 0.21733333333333332 0.008 0.02266666666666667
0 0.353 0.21166666666666667 0.008 0.034
0 0.364 0.145 0.008 0.027333333333333334
0 0.368 0.12766666666666668 0.008 0.026
0 0.30125 0.10733333333333334 0.0095 0.02666666666666667
0 0.29325 0.11966666666666667 0.0075 0.020666666666666667
0 0.289 0.11233333333333333 0.009 0.026
0 0.28975 0.11033333333333334 0.0075 0.026
0 0.38275 0.06566666666666666 0.0065 0.022
0 0.34675 0.04933333333333333 0.0055 0.02
0 0.34225 0.029333333333333333 0.0065 0.016
0 0.4955 0.31 0.015 0.028
0 0.60025 0.696 0.0095 0.02266666666666667
0 0.59775 0.67 0.0155 0.025333333333333333
0 0.627 0.6263333333333333 0.026 0.059333333333333335
0 0.5985 0.644 0.017 0.04933333333333333
0 0.4385 0.185 0.007 0.027333333333333334
0 0.44 0.17933333333333334 0.007 0.029333333333333333
0 0.4555 0.09933333333333333 0.01 0.018666666666666668
0 0.4545 0.096 0.008 0.018666666666666668
0 0.37525 0.008 0.0065 0.016
0 0.392 0.024333333333333332 0.007 0.01
