0 0.20214285714285715 0.6176190476190476 0.02142857142857143 0.058095238095238096
0 0.23714285714285716 0.5828571428571429 0.025714285714285714 0.05714285714285714
0 0.3796428571428571 0.518095238095238 0.015 0.05523809523809524
0 0.6857142857142857 0.21 0.005714285714285714 0.025714285714285714
0 0.35214285714285715 0.13380952380952382 0.004285714285714286 0.01619047619047619
0 0.09107142857142857 0.52 0.019285714285714285 0.049523809523809526
0 0.8975 0.40523809523809523 0.010714285714285714 0.039047619047619046
0 0.8567857142857143 0.3780952380952381 0.013571428571428571 0.04
0 0.87 0.2633333333333333 0.012857142857142857 0.03333333333333333
0 0.9567857142857142 0.2823809523809524 0.010714285714285714 0.03333333333333333
0 0.9778571428571429 0.31142857142857144 0.011428571428571429 0.02857142857142857
0 0.9857142857142858 0.26285714285714284 0.01 0.030476190476190476
0 0.9864285714285714 0.29619047619047617 0.01 0.030476190476190476
0 0.35642857142857143 0.6214285714285714 0.017142857142857144 0.06190476190476191
0 0.35928571428571426 0.6323809523809524 0.014285714285714285 0.049523809523809526
0 0.03571428571428571 0.42952380952380953 0.03571428571428571 0.05523809523809524
0 0.06464285714285714 0.41904761904761906 0.02214285714285714 0.05142857142857143
0 0.15928571428571428 0.370952380952381 0.022857142857142857 0.035238095238095235
0 0.1682142857142857 0.35619047619047617 0.017857142857142856 0.04
0 0.18285714285714286 0.3466666666666667 0.024285714285714285 0.04
0 0.19607142857142856 0.3376190476190476 0.020714285714285713 0.04285714285714286
0 0.21428571428571427 0.3019047619047619 0.018571428571428572 0.05333333333333334
0 0.21107142857142858 0.3238095238095238 0.02642857142857143 0.0380952380952381
0 0.2225 0.31666666666666665 0.013571428571428571 0.03333333333333333
0 0.26 0.29904761904761906 0.017142857142857144 0.0419047619047619
0 0.26964285714285713 0.29 0.015 0.03142857142857143
0 0.2810714285714286 0.2814285714285714 0.019285714285714285 0.03333333333333333
0 0.2592857142857143 0.2704761904761905 0.012857142857142857 0.02666666666666667
0 0.2717857142857143 0.2652380952380952 0.013571428571428571 0.025714285714285714
0 0.23535714285714285 0.44857142857142857 0.020714285714285713 0.03238095238095238
0 0.24821428571428572 0.4471428571428571 0.02214285714285714 0.023809523809523808
0 0.21642857142857144 0.47285714285714286 0.024285714285714285 0.029523809523809525
0 0.22392857142857142 0.4676190476190476 0.019285714285714285 0.0380952380952381
0 0.2025 0.44476190476190475 0.020714285714285713 0.05142857142857143
0 0.17785714285714285 0.5238095238095238 0.018571428571428572 0.03619047619047619
0 0.16535714285714287 0.5214285714285715 0.017857142857142856 0.03142857142857143
0 0.01 0.5776190476190476 0.02 0.04666666666666667
0 0.011428571428571429 0.5985714285714285 0.022857142857142857 0.029523809523809525
0 0.0525 0.5190476190476191 0.020714285714285713 0.03428571428571429
0 0.075 0.5161904761904762 0.017142857142857144 0.04380952380952381
0 0.045714285714285714 0.5333333333333333 0.015714285714285715 0.0419047619047619
0 0.062142857142857146 0.530952380952381 0.017142857142857144 0.04285714285714286
0 0.044642857142857144 0.5547619047619048 0.015 0.025714285714285714
0 0.05892857142857143 0.5485714285714286 0.023571428571428573 0.03238095238095238
0 0.045 0.5895238095238096 0.018571428571428572 0.03619047619047619
0 0.0425 0.5828571428571429 0.019285714285714285 0.04
0 0.06964285714285715 0.5795238095238096 0.019285714285714285 0.03333333333333333
0 0.105 0.5661904761904762 0.022857142857142857 0.037142857142857144
0 0.10607142857142857 0.5747619047619048 0.019285714285714285 0.035238095238095235
