0 0.0985 0.473 0.022 0.042
0 0.109 0.44566666666666666 0.035 0.058
0 0.25275 0.078 0.0105 0.04133333333333333
0 0.26425 0.127 0.0125 0.042
0 0.311 0.146 0.011 0.03866666666666667
0 0.3 0.15066666666666667 0.012 0.036
0 0.5105 0.085 0.009 0.027333333333333334
0 0.389 0.2926666666666667 0.017 0.044
0 0.34925 0.5346666666666666 0.0235 0.044
0 0.411 0.584 0.018 0.048
0 0.4385 0.575 0.019 0.04733333333333333
0 0.4415 0.6166666666666667 0.016 0.04933333333333333
0 0.5145 0.14233333333333334 0.008 0.03666666666666667
0 0.5205 0.153 0.008 0.024666666666666667
0 0.68225 0.036333333333333336 0.0075 0.03
0 0.685 0.04533333333333334 0.004 0.017333333333333333
0 0.4115 0.30766666666666664 0.018 0.051333333333333335
