0 0.87175 0.7826666666666666 0.0095 0.02666666666666667
0 0.95375 0.7916666666666666 0.0065 0.019333333333333334
0 0.546 0.623 0.006 0.012666666666666666
0 0.4975 0.7906666666666666 0.011 0.017333333333333333
0 0.416 0.6226666666666667 0.006 0.017333333333333333
0 0.3775 0.635 0.006 0.014
0 0.0195 0.7903333333333333 0.009 0.019333333333333334
0 0.64975 0.5586666666666666 0.0055 0.017333333333333333
0 0.692 0.537 0.005 0.018
0 0.698 0.5376666666666666 0.005 0.020666666666666667
0 0.7655 0.5643333333333334 0.007 0.014
