0 0.31107142857142855 0.5966666666666667 0.017857142857142856 0.03142857142857143
0 0.3489285714285714 0.8142857142857143 0.02214285714285714 0.0419047619047619
0 0.32607142857142857 0.7733333333333333 0.016428571428571428 0.03619047619047619
0 0.3292857142857143 0.6328571428571429 0.012857142857142857 0.029523809523809525
0 0.34785714285714286 0.7195238095238096 0.015714285714285715 0.03333333333333333
0 0.3485714285714286 0.7661904761904762 0.014285714285714285 0.040952380952380955
0 0.32785714285714285 0.7080952380952381 0.014285714285714285 0.035238095238095235
0 0.3292857142857143 0.6080952380952381 0.012857142857142857 0.025714285714285714
0 0.34285714285714286 0.6071428571428571 0.012857142857142857 0.03333333333333333
0 0.3535714285714286 0.6457142857142857 0.011428571428571429 0.03619047619047619
0 0.3692857142857143 0.6071428571428571 0.011428571428571429 0.035238095238095235
0 0.35535714285714287 0.6066666666666667 0.012142857142857143 0.03619047619047619
0 0.48678571428571427 0.12571428571428572 0.005 0.024761904761904763
0 0.5514285714285714 0.2342857142857143 0.008571428571428572 0.022857142857142857
0 0.7885714285714286 0.0980952380952381 0.007142857142857143 0.02095238095238095
0 0.8239285714285715 0.10523809523809524 0.009285714285714286 0.02
0 0.8742857142857143 0.1376190476190476 0.011428571428571429 0.023809523809523808
0 0.8682142857142857 0.13428571428571429 0.009285714285714286 0.02095238095238095
0 0.9410714285714286 0.13 0.007857142857142858 0.021904761904761906
0 0.9442857142857143 0.11857142857142858 0.008571428571428572 0.018095238095238095
0 0.9578571428571429 0.13047619047619047 0.01 0.02095238095238095
