0 0.6717857142857143 0.9547619047619048 0.012142857142857143 0.025714285714285714
0 0.4392857142857143 0.08904761904761904 0.002857142857142857 0.008571428571428572
0 0.4342857142857143 0.1980952380952381 0.004285714285714286 0.007619047619047619
0 0.5553571428571429 0.27 0.0035714285714285713 0.010476190476190476
0 0.4546428571428571 0.039047619047619046 0.0035714285714285713 0.009523809523809525
0 0.4764285714285714 0.0380952380952381 0.002857142857142857 0.009523809523809525
0 0.4825 0.03761904761904762 0.002142857142857143 0.010476190476190476
0 0.4853571428571429 0.037142857142857144 0.0035714285714285713 0.011428571428571429
0 0.4589285714285714 0.020476190476190478 0.0035714285714285713 0.008571428571428572
0 0.47285714285714286 0.019523809523809523 0.002857142857142857 0.008571428571428572
0 0.375 0.024761904761904763 0.002857142857142857 0.009523809523809525
