0 0.014613778705636743 0.6303339517625232 0.008350730688935281 0.021335807050092765
0 0.9879958246346555 0.9879406307977736 0.010438413361169102 0.022263450834879406
0 0.9746868475991649 0.9536178107606679 0.009916492693110648 0.03525046382189239
0 0.9480688935281837 0.9689239332096475 0.012004175365344467 0.030612244897959183
0 0.8233298538622129 0.7059369202226345 0.007828810020876827 0.02040816326530612
0 0.6910229645093946 0.6048237476808905 0.006263048016701462 0.014842300556586271
0 0.6745824634655533 0.5858070500927643 0.005741127348643006 0.013914656771799629
0 0.5910751565762005 0.5333951762523191 0.005741127348643006 0.014842300556586271
0 0.5367954070981211 0.4044526901669759 0.004697286012526096 0.014842300556586271
0 0.5414926931106472 0.3868274582560297 0.0036534446764091857 0.012987012987012988
0 0.5247912317327766 0.3877551020408163 0.004697286012526096 0.016697588126159554
0 0.5276617954070981 0.362708719851577 0.0041753653444676405 0.014842300556586271
0 0.5167014613778705 0.37430426716141 0.005219206680584551 0.017625231910946195
0 0.5099164926931107 0.3673469387755102 0.003131524008350731 0.014842300556586271
0 0.5200939457202505 0.3631725417439703 0.0036534446764091857 0.013914656771799629
0 0.41936325678496866 0.21196660482374768 0.0026096033402922755 0.008348794063079777
0 0.4091858037578288 0.19341372912801486 0.003131524008350731 0.006493506493506494
0 0.41492693110647183 0.18831168831168832 0.0020876826722338203 0.0074211502782931356
0 0.41153444676409184 0.18738404452690166 0.0026096033402922755 0.0074211502782931356
0 0.40631524008350733 0.18506493506493507 0.0015657620041753654 0.006493506493506494
0 0.4005741127348643 0.18460111317254174 0.0026096033402922755 0.0074211502782931356
0 0.4031837160751566 0.1794990723562152 0.0026096033402922755 0.006493506493506494
0 0.40213987473903967 0.18181818181818182 0.0026096033402922755 0.0055658627087198514
0 0.3969206680584551 0.17996289424860853 0.0026096033402922755 0.0055658627087198514
0 0.3990083507306889 0.17996289424860853 0.0015657620041753654 0.0055658627087198514
0 0.395615866388309 0.17346938775510204 0.0020876826722338203 0.0074211502782931356
0 0.3930062630480167 0.16419294990723562 0.0020876826722338203 0.0074211502782931356
0 0.3872651356993737 0.161873840445269 0.0020876826722338203 0.006493506493506494
0 0.3883089770354906 0.15630797773654917 0.0020876826722338203 0.006493506493506494
0 0.41153444676409184 0.1841372912801484 0.0026096033402922755 0.008348794063079777
0 0.3825678496868476 0.15816326530612246 0.0020876826722338203 0.008348794063079777
0 0.38230688935281837 0.15769944341372913 0.0015657620041753654 0.0055658627087198514
0 0.40396659707724425 0.1567717996289425 0.0020876826722338203 0.0074211502782931356
0 0.39535490605427975 0.14888682745825602 0.0026096033402922755 0.008348794063079777
0 0.6722338204592901 0.1924860853432282 0.0020876826722338203 0.008348794063079777
0 0.6646659707724426 0.1901669758812616 0.0026096033402922755 0.00927643784786642
