0 0.42 0.7333333333333333 0.023 0.058666666666666666
0 0.393 0.7323333333333333 0.021 0.05533333333333333
0 0.649 0.6003333333333334 0.022 0.054
0 0.592 0.543 0.026 0.05533333333333333
0 0.34625 0.622 0.0285 0.052
0 0.31625 0.607 0.0245 0.056666666666666664
0 0.39575 0.4696666666666667 0.0175 0.048666666666666664
0 0.41575 0.5643333333333334 0.0175 0.05
0 0.39525 0.23666666666666666 0.0105 0.034666666666666665
0 0.46825 0.10366666666666667 0.0105 0.028666666666666667
0 0.44475 0.08066666666666666 0.0055 0.02266666666666667
0 0.401 0.12766666666666668 0.007 0.03
0 0.39725 0.131 0.0075 0.022
0 0.42975 0.03966666666666667 0.0065 0.024666666666666667
