0 0.3557142857142857 0.5776190476190476 0.011428571428571429 0.02
0 0.39964285714285713 0.5561904761904762 0.009285714285714286 0.01904761904761905
0 0.4 0.55 0.011428571428571429 0.018095238095238095
0 0.49464285714285716 0.4723809523809524 0.009285714285714286 0.015238095238095238
0 0.4932142857142857 0.4680952380952381 0.009285714285714286 0.01619047619047619
0 0.35464285714285715 0.26857142857142857 0.0064285714285714285 0.013333333333333334
0 0.22107142857142856 0.8971428571428571 0.019285714285714285 0.03238095238095238
0 0.28464285714285714 0.8080952380952381 0.013571428571428571 0.023809523809523808
0 0.31857142857142856 0.7504761904761905 0.015714285714285715 0.02857142857142857
0 0.25107142857142856 0.7042857142857143 0.012142857142857143 0.021904761904761906
0 0.24964285714285714 0.7695238095238095 0.013571428571428571 0.02666666666666667
0 0.2542857142857143 0.7395238095238095 0.011428571428571429 0.025714285714285714
0 0.30428571428571427 0.5166666666666667 0.01 0.018095238095238095
0 0.35535714285714287 0.1880952380952381 0.0064285714285714285 0.014285714285714285
0 0.43857142857142856 0.11285714285714285 0.005714285714285714 0.014285714285714285
0 0.36607142857142855 0.05047619047619047 0.005 0.011428571428571429
0 0.4067857142857143 0.024285714285714285 0.0064285714285714285 0.010476190476190476
0 0.1392857142857143 0.6461904761904762 0.015714285714285715 0.021904761904761906
0 0.055357142857142855 0.7257142857142858 0.020714285714285713 0.030476190476190476
0 0.9632142857142857 0.8023809523809524 0.019285714285714285 0.025714285714285714
0 0.9428571428571428 0.6780952380952381 0.017142857142857144 0.022857142857142857
0 0.9360714285714286 0.6633333333333333 0.016428571428571428 0.021904761904761906
0 0.6192857142857143 0.37047619047619046 0.01 0.017142857142857144
0 0.6071428571428571 0.29 0.01 0.014285714285714285
0 0.5482142857142858 0.14714285714285713 0.007857142857142858 0.012380952380952381
0 0.5260714285714285 0.11095238095238096 0.0064285714285714285 0.012380952380952381
0 0.5425 0.08476190476190476 0.0064285714285714285 0.011428571428571429
0 0.5332142857142858 0.04904761904761905 0.0064285714285714285 0.012380952380952381
0 0.525 0.029523809523809525 0.007142857142857143 0.011428571428571429
0 0.51 0.013333333333333334 0.007142857142857143 0.009523809523809525
0 0.19071428571428573 0.33285714285714285 0.012857142857142857 0.02
0 0.18178571428571427 0.2985714285714286 0.010714285714285714 0.02
