0 0.21321428571428572 0.6238095238095238 0.010714285714285714 0.015238095238095238
0 0.48 0.77 0.008571428571428572 0.012380952380952381
0 0.6371428571428571 0.5338095238095238 0.01 0.018095238095238095
0 0.42464285714285716 0.37238095238095237 0.007857142857142858 0.017142857142857144
0 0.42892857142857144 0.35714285714285715 0.0064285714285714285 0.01904761904761905
0 0.44535714285714284 0.3457142857142857 0.005 0.01904761904761905
0 0.7764285714285715 0.33095238095238094 0.01 0.01619047619047619
0 0.7114285714285714 0.2061904761904762 0.008571428571428572 0.018095238095238095
0 0.8371428571428572 0.3 0.01 0.01904761904761905
0 0.8135714285714286 0.25666666666666665 0.01 0.018095238095238095
0 0.8189285714285715 0.2538095238095238 0.007857142857142858 0.02
0 0.9614285714285714 0.10904761904761905 0.01 0.021904761904761906
0 0.755 0.04047619047619048 0.007142857142857143 0.02
0 0.7092857142857143 0.035238095238095235 0.005714285714285714 0.017142857142857144
0 0.6825 0.07571428571428572 0.007857142857142858 0.018095238095238095
0 0.6414285714285715 0.12666666666666668 0.008571428571428572 0.017142857142857144
0 0.6582142857142858 0.08619047619047619 0.007857142857142858 0.014285714285714285
0 0.6507142857142857 0.04904761904761905 0.005714285714285714 0.01619047619047619
0 0.7335714285714285 0.009523809523809525 0.007142857142857143 0.017142857142857144
0 0.5960714285714286 0.008571428571428572 0.0064285714285714285 0.017142857142857144
0 0.605 0.007619047619047619 0.004285714285714286 0.015238095238095238
0 0.5557142857142857 0.11476190476190476 0.005714285714285714 0.018095238095238095
0 0.5764285714285714 0.12904761904761905 0.007142857142857143 0.02
0 0.5960714285714286 0.1661904761904762 0.005 0.018095238095238095
0 0.5925 0.1595238095238095 0.0064285714285714285 0.018095238095238095
0 0.5692857142857143 0.16428571428571428 0.007142857142857143 0.01619047619047619
0 0.5696428571428571 0.19095238095238096 0.005 0.018095238095238095
0 0.5628571428571428 0.2280952380952381 0.004285714285714286 0.018095238095238095
0 0.5771428571428572 0.2195238095238095 0.004285714285714286 0.02
0 0.6053571428571428 0.20238095238095238 0.007857142857142858 0.014285714285714285
0 0.6253571428571428 0.20476190476190476 0.0064285714285714285 0.01904761904761905
0 0.625 0.1961904761904762 0.007142857142857143 0.022857142857142857
