0 0.04428571428571428 0.3576190476190476 0.02 0.039047619047619046
0 0.10464285714285715 0.32047619047619047 0.015 0.02761904761904762
0 0.1575 0.1442857142857143 0.017857142857142856 0.03333333333333333
0 0.17821428571428571 0.12047619047619047 0.016428571428571428 0.040952380952380955
0 0.2292857142857143 0.08190476190476191 0.014285714285714285 0.03619047619047619
0 0.2532142857142857 0.02666666666666667 0.010714285714285714 0.02857142857142857
0 0.20392857142857143 0.13428571428571429 0.017857142857142856 0.02666666666666667
0 0.30107142857142855 0.039523809523809524 0.023571428571428573 0.04857142857142857
0 0.6714285714285714 0.39285714285714285 0.008571428571428572 0.054285714285714284
0 0.65 0.4195238095238095 0.01 0.040952380952380955
0 0.8307142857142857 0.39476190476190476 0.011428571428571429 0.04476190476190476
0 0.6353571428571428 0.628095238095238 0.016428571428571428 0.040952380952380955
0 0.8492857142857143 0.6204761904761905 0.015714285714285715 0.029523809523809525
0 0.013928571428571429 0.5685714285714286 0.02642857142857143 0.05714285714285714
0 0.0575 0.5019047619047619 0.025 0.04380952380952381
0 0.07607142857142857 0.731904761904762 0.02642857142857143 0.04857142857142857
0 0.014642857142857143 0.6533333333333333 0.029285714285714286 0.045714285714285714
