0 0.9575 0.3280456852791878 0.020714285714285713 0.01649746192893401
0 0.9582142857142857 0.3166243654822335 0.017857142857142856 0.01903553299492386
0 0.13142857142857142 0.7823604060913706 0.011428571428571429 0.013959390862944163
0 0.1375 0.7607868020304569 0.016428571428571428 0.013959390862944163
0 0.32321428571428573 0.7861675126903553 0.009285714285714286 0.01903553299492386
0 0.3742857142857143 0.7633248730964467 0.008571428571428572 0.006345177664974619
0 0.425 0.8178934010152284 0.007142857142857143 0.01649746192893401
0 0.44607142857142856 0.7982233502538071 0.010714285714285714 0.02030456852791878
0 0.45607142857142857 0.8178934010152284 0.007857142857142858 0.021573604060913704
0 0.43785714285714283 0.8229695431472082 0.008571428571428572 0.01903553299492386
0 0.3792857142857143 0.7703045685279187 0.01 0.012690355329949238
0 0.5625 0.6370558375634517 0.0064285714285714285 0.012690355329949238
0 0.5807142857142857 0.6300761421319797 0.01 0.01903553299492386
0 0.6182142857142857 0.7563451776649747 0.009285714285714286 0.02030456852791878
0 0.6528571428571428 0.7112944162436549 0.01 0.01649746192893401
0 0.6117857142857143 0.8807106598984772 0.010714285714285714 0.027918781725888325
0 0.5946428571428571 0.9733502538071066 0.010714285714285714 0.02284263959390863
0 0.6735714285714286 0.7658629441624365 0.011428571428571429 0.01903553299492386
0 0.6821428571428572 0.7614213197969543 0.007142857142857143 0.017766497461928935
0 0.6867857142857143 0.7525380710659898 0.009285714285714286 0.017766497461928935
0 0.7164285714285714 0.7347715736040609 0.015714285714285715 0.02030456852791878
0 0.7328571428571429 0.7626903553299492 0.011428571428571429 0.02284263959390863
0 0.7535714285714286 0.7645939086294417 0.014285714285714285 0.01649746192893401
0 0.7457142857142857 0.7201776649746193 0.012857142857142857 0.013959390862944163
0 0.6278571428571429 0.3762690355329949 0.01 0.013959390862944163
0 0.9435714285714286 0.6833756345177665 0.007142857142857143 0.013959390862944163
0 0.6935714285714286 0.7125634517766497 0.011428571428571429 0.01903553299492386
