0 0.43785714285714283 0.8276190476190476 0.005714285714285714 0.009523809523809525
0 0.4785714285714286 0.78 0.004285714285714286 0.009523809523809525
0 0.4517857142857143 0.7857142857142857 0.005 0.009523809523809525
0 0.4757142857142857 0.7076190476190476 0.004285714285714286 0.011428571428571429
0 0.4542857142857143 0.7204761904761905 0.004285714285714286 0.008571428571428572
0 0.4546428571428571 0.700952380952381 0.005 0.007619047619047619
0 0.46285714285714286 0.7028571428571428 0.004285714285714286 0.011428571428571429
0 0.47 0.6861904761904762 0.004285714285714286 0.006666666666666667
0 0.4664285714285714 0.680952380952381 0.002857142857142857 0.007619047619047619
0 0.4760714285714286 0.669047619047619 0.005 0.006666666666666667
0 0.4632142857142857 0.6628571428571428 0.0035714285714285713 0.007619047619047619
0 0.465 0.6385714285714286 0.004285714285714286 0.006666666666666667
0 0.4764285714285714 0.628095238095238 0.004285714285714286 0.006666666666666667
0 0.4667857142857143 0.6128571428571429 0.005 0.006666666666666667
0 0.4639285714285714 0.59 0.0035714285714285713 0.006666666666666667
0 0.46 0.5880952380952381 0.002857142857142857 0.006666666666666667
0 0.4664285714285714 0.5780952380952381 0.004285714285714286 0.0038095238095238095
0 0.4692857142857143 0.5738095238095238 0.004285714285714286 0.004761904761904762
0 0.4564285714285714 0.5719047619047619 0.004285714285714286 0.004761904761904762
0 0.4635714285714286 0.5704761904761905 0.002857142857142857 0.007619047619047619
0 0.46714285714285714 0.5671428571428572 0.002857142857142857 0.006666666666666667
0 0.4667857142857143 0.5557142857142857 0.0035714285714285713 0.006666666666666667
0 0.45964285714285713 0.5247619047619048 0.005 0.007619047619047619
0 0.45535714285714285 0.5252380952380953 0.0035714285714285713 0.006666666666666667
0 0.41535714285714287 0.5485714285714286 0.005 0.007619047619047619
0 0.445 0.36714285714285716 0.007142857142857143 0.006666666666666667
0 0.43857142857142856 0.13142857142857142 0.004285714285714286 0.009523809523809525
0 0.4342857142857143 0.1295238095238095 0.004285714285714286 0.009523809523809525
0 0.9371428571428572 0.319047619047619 0.008571428571428572 0.007619047619047619
0 0.9207142857142857 0.28476190476190477 0.008571428571428572 0.007619047619047619
0 0.7671428571428571 0.6042857142857143 0.007142857142857143 0.006666666666666667
0 0.7667857142857143 0.6138095238095238 0.007857142857142858 0.006666666666666667
0 0.7407142857142858 0.6576190476190477 0.005714285714285714 0.004761904761904762
0 0.7428571428571429 0.6638095238095238 0.007142857142857143 0.005714285714285714
0 0.7446428571428572 0.6685714285714286 0.007857142857142858 0.005714285714285714
0 0.7864285714285715 0.6209523809523809 0.005714285714285714 0.005714285714285714
0 0.7889285714285714 0.6242857142857143 0.005 0.006666666666666667
0 0.7939285714285714 0.621904761904762 0.0064285714285714285 0.005714285714285714
0 0.7892857142857143 0.6166666666666667 0.005714285714285714 0.004761904761904762
0 0.7910714285714285 0.61 0.0064285714285714285 0.008571428571428572
0 0.8464285714285714 0.5733333333333334 0.008571428571428572 0.007619047619047619
0 0.8492857142857143 0.5776190476190476 0.008571428571428572 0.004761904761904762
0 0.8332142857142857 0.5461904761904762 0.007857142857142858 0.008571428571428572
0 0.8353571428571429 0.5495238095238095 0.007857142857142858 0.005714285714285714
0 0.8914285714285715 0.4238095238095238 0.01 0.007619047619047619
