0 0.89925 0.723 0.0065 0.020666666666666667
0 0.93275 0.734 0.0035 0.016
0 0.93275 0.7023333333333334 0.0035 0.014
0 0.92525 0.7003333333333334 0.0035 0.014
0 0.928 0.699 0.003 0.016666666666666666
0 0.93 0.6943333333333334 0.005 0.018
0 0.537 0.6756666666666666 0.003 0.01
0 0.52175 0.7416666666666667 0.0065 0.012666666666666666
0 0.5175 0.765 0.004 0.026
0 0.4745 0.686 0.005 0.016
0 0.4395 0.6373333333333333 0.003 0.013333333333333334
0 0.43125 0.664 0.0035 0.008
0 0.44325 0.6636666666666666 0.0035 0.007333333333333333
0 0.61225 0.8146666666666667 0.0085 0.032
0 0.48875 0.739 0.0045 0.023333333333333334
0 0.4835 0.734 0.005 0.017333333333333333
0 0.4405 0.752 0.009 0.025333333333333333
0 0.417 0.7763333333333333 0.007 0.024666666666666667
0 0.409 0.7533333333333333 0.004 0.024
0 0.4035 0.7533333333333333 0.005 0.025333333333333333
0 0.38525 0.7443333333333333 0.0035 0.020666666666666667
0 0.27925 0.6123333333333333 0.0035 0.01
0 0.25375 0.6296666666666667 0.0025 0.011333333333333334
0 0.2515 0.6283333333333333 0.003 0.011333333333333334
0 0.21 0.6233333333333333 0.004 0.012
0 0.224 0.7156666666666667 0.005 0.018
0 0.13925 0.667 0.0045 0.014
0 0.20075 0.7123333333333334 0.0065 0.019333333333333334
0 0.206 0.7163333333333334 0.005 0.019333333333333334
0 0.209 0.716 0.004 0.017333333333333333
0 0.213 0.7136666666666667 0.004 0.019333333333333334
0 0.3645 0.5896666666666667 0.002 0.01
0 0.353 0.5886666666666667 0.002 0.008
0 0.361 0.6026666666666667 0.002 0.009333333333333334
0 0.35975 0.603 0.0025 0.007333333333333333
0 0.31875 0.5986666666666667 0.0025 0.008
0 0.3175 0.5986666666666667 0.002 0.008
