0 0.435 0.9313333333333333 0.007 0.018666666666666668
0 0.441 0.9296666666666666 0.005 0.014
0 0.5385 0.6973333333333334 0.007 0.018666666666666668
0 0.7565 0.5706666666666667 0.006 0.012
0 0.7605 0.5666666666666667 0.005 0.013333333333333334
0 0.389 0.494 0.005 0.014666666666666666
0 0.3835 0.48633333333333334 0.004 0.012666666666666666
0 0.39275 0.4866666666666667 0.0045 0.013333333333333334
0 0.3785 0.49533333333333335 0.004 0.013333333333333334
0 0.3705 0.334 0.004 0.010666666666666666
0 0.36625 0.3353333333333333 0.0025 0.009333333333333334
0 0.8265 0.37066666666666664 0.004 0.012
0 0.432 0.25266666666666665 0.003 0.009333333333333334
0 0.45975 0.26166666666666666 0.0025 0.008666666666666666
0 0.671 0.3283333333333333 0.004 0.012666666666666666
