0 0.6025 0.03333333333333333 0.0035714285714285713 0.011428571428571429
0 0.6067857142857143 0.20666666666666667 0.0035714285714285713 0.015238095238095238
0 0.5825 0.19380952380952382 0.0035714285714285713 0.012380952380952381
0 0.5657142857142857 0.20142857142857143 0.002857142857142857 0.012380952380952381
0 0.61 0.18428571428571427 0.002857142857142857 0.01619047619047619
0 0.6075 0.18095238095238095 0.0035714285714285713 0.013333333333333334
0 0.6103571428571428 0.20666666666666667 0.002142857142857143 0.013333333333333334
0 0.6132142857142857 0.20476190476190476 0.0035714285714285713 0.015238095238095238
0 0.6075 0.20047619047619047 0.0035714285714285713 0.012380952380952381
0 0.6103571428571428 0.17142857142857143 0.0035714285714285713 0.011428571428571429
0 0.6082142857142857 0.17666666666666667 0.0035714285714285713 0.014285714285714285
0 0.8221428571428572 0.5823809523809523 0.007142857142857143 0.010476190476190476
0 0.8685714285714285 0.6471428571428571 0.007142857142857143 0.008571428571428572
0 0.8478571428571429 0.5885714285714285 0.007142857142857143 0.011428571428571429
0 0.8328571428571429 0.5880952380952381 0.007142857142857143 0.012380952380952381
