0 0.40187891440501045 0.7068645640074211 0.009394572025052192 0.03710575139146568
0 0.3883089770354906 0.6892393320964749 0.011482254697286013 0.022263450834879406
0 0.40109603340292277 0.6906307977736549 0.009916492693110648 0.03432282003710575
0 0.3969206680584551 0.6781076066790352 0.010960334029227558 0.027829313543599257
0 0.40735908141962424 0.6859925788497218 0.007828810020876827 0.038033395176252316
0 0.39926931106471814 0.6447124304267161 0.008350730688935281 0.03339517625231911
0 0.4603340292275574 0.5041743970315399 0.005219206680584551 0.023191094619666047
0 0.4812108559498956 0.40166975881261596 0.0041753653444676405 0.02040816326530612
0 0.48616910229645094 0.3010204081632653 0.0026096033402922755 0.008348794063079777
0 0.5106993736951984 0.27040816326530615 0.0026096033402922755 0.00463821892393321
0 0.7742693110647182 0.5064935064935064 0.008872651356993737 0.022263450834879406
0 0.9076200417536534 0.5213358070500927 0.007306889352818371 0.011131725417439703
0 0.5743736951983298 0.6038961038961039 0.009916492693110648 0.025974025974025976
