0 0.9175 0.3404761904761905 0.029285714285714286 0.037142857142857144
0 0.6271428571428571 0.45380952380952383 0.015714285714285715 0.04476190476190476
0 0.6692857142857143 0.32666666666666666 0.014285714285714285 0.04
0 0.6128571428571429 0.2785714285714286 0.018571428571428572 0.040952380952380955
0 0.5992857142857143 0.3680952380952381 0.014285714285714285 0.04857142857142857
0 0.635 0.3628571428571429 0.012857142857142857 0.04380952380952381
0 0.6182142857142857 0.2119047619047619 0.012142857142857143 0.039047619047619046
0 0.3960714285714286 0.2914285714285714 0.015 0.03428571428571429
0 0.4085714285714286 0.3076190476190476 0.017142857142857144 0.03619047619047619
0 0.6178571428571429 0.36428571428571427 0.017142857142857144 0.03142857142857143
0 0.6392857142857142 0.33714285714285713 0.015714285714285715 0.0419047619047619
0 0.6135714285714285 0.3319047619047619 0.015714285714285715 0.040952380952380955
0 0.6046428571428571 0.3419047619047619 0.015 0.0419047619047619
0 0.6275 0.34476190476190477 0.013571428571428571 0.04
0 0.37285714285714283 0.731904761904762 0.024285714285714285 0.03142857142857143
0 0.24642857142857144 0.7719047619047619 0.024285714285714285 0.03142857142857143
0 0.25142857142857145 0.8876190476190476 0.032857142857142856 0.030476190476190476
0 0.22642857142857142 0.7861904761904762 0.02142857142857143 0.037142857142857144
0 0.11321428571428571 0.8214285714285714 0.03214285714285714 0.02761904761904762
0 0.4367857142857143 0.014285714285714285 0.015 0.02857142857142857
