0 0.7196428571428571 0.5242857142857142 0.015 0.04285714285714286
0 0.9525 0.9738095238095238 0.02214285714285714 0.029523809523809525
0 0.9064285714285715 0.909047619047619 0.025714285714285714 0.03142857142857143
0 0.8592857142857143 0.4438095238095238 0.014285714285714285 0.02666666666666667
0 0.8314285714285714 0.37333333333333335 0.015714285714285715 0.030476190476190476
0 0.7353571428571428 0.31476190476190474 0.013571428571428571 0.03142857142857143
0 0.7460714285714286 0.32142857142857145 0.013571428571428571 0.03142857142857143
0 0.76 0.32761904761904764 0.014285714285714285 0.03238095238095238
0 0.7710714285714285 0.3271428571428571 0.012142857142857143 0.029523809523809525
0 0.7735714285714286 0.14666666666666667 0.012857142857142857 0.0419047619047619
0 0.86 0.1261904761904762 0.011428571428571429 0.03142857142857143
0 0.8025 0.06285714285714286 0.010714285714285714 0.024761904761904763
0 0.76 0.05857142857142857 0.01 0.023809523809523808
0 0.8560714285714286 0.043333333333333335 0.012142857142857143 0.029523809523809525
0 0.8592857142857143 0.018095238095238095 0.012857142857142857 0.02666666666666667
