0 0.6096428571428572 0.8838095238095238 0.019285714285714285 0.05142857142857143
0 0.5828571428571429 0.8752380952380953 0.015714285714285715 0.045714285714285714
0 0.5514285714285714 0.6776190476190476 0.014285714285714285 0.039047619047619046
0 0.5121428571428571 0.6214285714285714 0.011428571428571429 0.040952380952380955
0 0.4860714285714286 0.5728571428571428 0.010714285714285714 0.035238095238095235
0 0.5239285714285714 0.6171428571428571 0.013571428571428571 0.0380952380952381
0 0.635 0.7047619047619048 0.02 0.04380952380952381
0 0.5728571428571428 0.6285714285714286 0.017142857142857144 0.03238095238095238
0 0.6085714285714285 0.5523809523809524 0.015714285714285715 0.03238095238095238
0 0.3539285714285714 0.36333333333333334 0.007857142857142858 0.014285714285714285
0 0.385 0.3985714285714286 0.008571428571428572 0.018095238095238095
0 0.38785714285714284 0.41523809523809524 0.011428571428571429 0.017142857142857144
0 0.3414285714285714 0.3457142857142857 0.005714285714285714 0.011428571428571429
0 0.33785714285714286 0.3585714285714286 0.005714285714285714 0.012380952380952381
0 0.9425 0.5 0.015 0.03238095238095238
0 0.9792857142857143 0.5057142857142857 0.02 0.03238095238095238
0 0.6664285714285715 0.8476190476190476 0.02 0.04380952380952381
