0 0.11325678496868476 0.7894248608534323 0.014613778705636743 0.04081632653061224
0 0.06184759916492693 0.8181818181818182 0.015135699373695199 0.029684601113172542
0 0.20850730688935282 0.9021335807050093 0.014091858037578288 0.03432282003710575
0 0.22233820459290188 0.9197588126159555 0.014613778705636743 0.04916512059369202
0 0.23251565762004175 0.910482374768089 0.013048016701461378 0.030612244897959183
0 0.20015657620041755 0.5157699443413729 0.008872651356993737 0.03153988868274583
0 0.24399791231732776 0.5166975881261595 0.009916492693110648 0.02040816326530612
0 0.3389874739039666 0.4322820037105751 0.007828810020876827 0.025974025974025976
0 0.3739561586638831 0.4359925788497217 0.005741127348643006 0.027829313543599257
0 0.36247390396659707 0.42810760667903525 0.007828810020876827 0.017625231910946195
0 0.36899791231732776 0.426252319109462 0.007306889352818371 0.015769944341372914
0 0.47494780793319413 0.30890538033395176 0.006263048016701462 0.014842300556586271
0 0.4668580375782881 0.28339517625231914 0.004697286012526096 0.017625231910946195
0 0.5138308977035491 0.3460111317254174 0.004697286012526096 0.01855287569573284
0 0.550365344467641 0.4652133580705009 0.008872651356993737 0.017625231910946195
0 0.3629958246346555 0.8534322820037106 0.012004175365344467 0.04267161410018553
0 0.39431106471816285 0.8682745825602969 0.01826722338204593 0.04823747680890538
0 0.49582463465553234 0.8831168831168831 0.012526096033402923 0.03896103896103896
0 0.6028183716075156 0.8432282003710575 0.013569937369519834 0.03339517625231911
0 0.579070981210856 0.8177179962894249 0.014091858037578288 0.039888682745825604
0 0.7406054279749478 0.8947124304267161 0.012526096033402923 0.038033395176252316
0 0.8400313152400835 0.864100185528757 0.013048016701461378 0.032467532467532464
0 0.8340292275574113 0.8613172541743971 0.012526096033402923 0.038033395176252316
0 0.9318893528183716 0.7973098330241187 0.014091858037578288 0.04730983302411874
0 0.9462421711899791 0.8116883116883117 0.016701461377870562 0.03710575139146568
0 0.855427974947808 0.7523191094619666 0.012526096033402923 0.04267161410018553
0 0.5955114822546973 0.1549165120593692 0.003131524008350731 0.0074211502782931356
0 0.6286534446764092 0.06586270871985157 0.0026096033402922755 0.00927643784786642
0 0.6417014613778705 0.044990723562152134 0.0015657620041753654 0.00463821892393321
0 0.6458768267223383 0.03849721706864564 0.0015657620041753654 0.00463821892393321
0 0.6492693110647182 0.02922077922077922 0.0010438413361169101 0.0027829313543599257
0 0.9582463465553236 0.6034322820037106 0.010438413361169102 0.03432282003710575
0 0.9613778705636743 0.5964749536178108 0.008350730688935281 0.03339517625231911
0 0.9431106471816284 0.5927643784786641 0.014613778705636743 0.029684601113172542
0 0.9916492693110647 0.562152133580705 0.013569937369519834 0.03153988868274583
0 0.9251043841336117 0.5677179962894249 0.009916492693110648 0.022263450834879406
0 0.9256263048016702 0.5630797773654916 0.010960334029227558 0.029684601113172542
0 0.9329331941544885 0.5426716141001855 0.008872651356993737 0.027829313543599257
0 0.8896137787056367 0.5496289424860853 0.008872651356993737 0.02504638218923933
0 0.9321503131524008 0.5078849721706865 0.006263048016701462 0.026901669758812616
0 0.9462421711899791 0.4772727272727273 0.007306889352818371 0.0287569573283859
0 0.9005741127348643 0.5060296846011132 0.012004175365344467 0.032467532467532464
0 0.9008350730688935 0.4202226345083488 0.007306889352818371 0.025974025974025976
0 0.8890918580375783 0.4165120593692022 0.006784968684759917 0.02040816326530612
0 0.8460334029227558 0.42439703153988867 0.007306889352818371 0.017625231910946195
0 0.8590814196242171 0.3984230055658627 0.006263048016701462 0.023191094619666047
0 0.8473382045929019 0.40213358070500926 0.006784968684759917 0.021335807050092765
0 0.8468162839248434 0.34461966604823746 0.006784968684759917 0.017625231910946195
0 0.8126304801670147 0.23191094619666047 0.0041753653444676405 0.011131725417439703
0 0.8089770354906054 0.23562152133580705 0.0041753653444676405 0.011131725417439703
0 0.8066283924843424 0.22356215213358072 0.004697286012526096 0.012987012987012988
0 0.8029749478079332 0.1767161410018553 0.0036534446764091857 0.013914656771799629
0 0.7941022964509394 0.16512059369202226 0.0026096033402922755 0.012987012987012988
0 0.7954070981210856 0.16558441558441558 0.003131524008350731 0.012059369202226345
0 0.7985386221294363 0.16651205936920221 0.003131524008350731 0.01020408163265306
0 0.7917536534446764 0.14100185528756956 0.0041753653444676405 0.011131725417439703
0 0.7797494780793319 0.12523191094619665 0.003131524008350731 0.00927643784786642
0 0.7708768267223383 0.12569573283858998 0.003131524008350731 0.008348794063079777
0 0.7774008350730689 0.11456400742115028 0.0036534446764091857 0.01020408163265306
0 0.7776617954070981 0.11131725417439703 0.003131524008350731 0.00927643784786642
0 0.7794885177453027 0.11131725417439703 0.0026096033402922755 0.00927643784786642
0 0.7922755741127349 0.29684601113172543 0.005219206680584551 0.014842300556586271
