0 0.05 0.3280456852791878 0.004285714285714286 0.013959390862944163
0 0.33535714285714285 0.14022842639593908 0.002142857142857143 0.008883248730964468
0 0.32607142857142857 0.1434010152284264 0.0035714285714285713 0.007614213197969543
0 0.3196428571428571 0.14784263959390864 0.0035714285714285713 0.008883248730964468
0 0.31464285714285717 0.1453045685279188 0.0035714285714285713 0.008883248730964468
0 0.3217857142857143 0.13705583756345177 0.002142857142857143 0.01015228426395939
0 0.3182142857142857 0.13705583756345177 0.0035714285714285713 0.005076142131979695
0 0.25357142857142856 0.7303299492385786 0.004285714285714286 0.01649746192893401
0 0.4610714285714286 0.600253807106599 0.0035714285714285713 0.012690355329949238
0 0.5432142857142858 0.23857868020304568 0.0035714285714285713 0.01015228426395939
0 0.6064285714285714 0.22398477157360405 0.002857142857142857 0.011421319796954314
0 0.6103571428571428 0.20748730964467005 0.002142857142857143 0.008883248730964468
0 0.6167857142857143 0.21383248730964466 0.0035714285714285713 0.008883248730964468
0 0.5914285714285714 0.22779187817258884 0.0014285714285714286 0.008883248730964468
0 0.5967857142857143 0.21954314720812182 0.002142857142857143 0.005076142131979695
0 0.8071428571428572 0.3210659898477157 0.004285714285714286 0.012690355329949238
0 0.7946428571428571 0.27093908629441626 0.002142857142857143 0.011421319796954314
0 0.7996428571428571 0.26586294416243655 0.002142857142857143 0.008883248730964468
0 0.7835714285714286 0.29124365482233505 0.002857142857142857 0.008883248730964468
0 0.7792857142857142 0.2906091370558376 0.002857142857142857 0.007614213197969543
0 0.8042857142857143 0.26776649746192893 0.002857142857142857 0.01015228426395939
0 0.8567857142857143 0.35850253807106597 0.002142857142857143 0.011421319796954314
0 0.9671428571428572 0.45558375634517767 0.004285714285714286 0.012690355329949238
0 0.6864285714285714 0.4263959390862944 0.0014285714285714286 0.01015228426395939
0 0.6882142857142857 0.43147208121827413 0.002142857142857143 0.01015228426395939
