0 0.48642857142857143 0.03666666666666667 0.007142857142857143 0.02
0 0.6503571428571429 0.10333333333333333 0.013571428571428571 0.018095238095238095
0 0.65 0.15714285714285714 0.012857142857142857 0.02095238095238095
0 0.6628571428571428 0.24 0.011428571428571429 0.022857142857142857
0 0.5096428571428572 0.1976190476190476 0.0064285714285714285 0.018095238095238095
0 0.47964285714285715 0.12380952380952381 0.013571428571428571 0.017142857142857144
0 0.5342857142857143 0.39 0.01 0.018095238095238095
0 0.5867857142857142 0.44095238095238093 0.012142857142857143 0.015238095238095238
0 0.5792857142857143 0.4319047619047619 0.008571428571428572 0.006666666666666667
0 0.4546428571428571 0.37238095238095237 0.010714285714285714 0.017142857142857144
0 0.5542857142857143 0.5014285714285714 0.008571428571428572 0.008571428571428572
0 0.5628571428571428 0.5157142857142857 0.005714285714285714 0.012380952380952381
0 0.5721428571428572 0.5138095238095238 0.008571428571428572 0.010476190476190476
0 0.7021428571428572 0.7847619047619048 0.01 0.011428571428571429
0 0.6989285714285715 0.810952380952381 0.013571428571428571 0.014285714285714285
0 0.8753571428571428 0.7695238095238095 0.012142857142857143 0.015238095238095238
0 0.007857142857142858 0.1595238095238095 0.015714285714285715 0.01619047619047619
0 0.8792857142857143 0.3433333333333333 0.015714285714285715 0.021904761904761906
