0 0.44571428571428573 0.07476190476190477 0.007142857142857143 0.021904761904761906
0 0.4660714285714286 0.25476190476190474 0.010714285714285714 0.02
0 0.38035714285714284 0.38285714285714284 0.009285714285714286 0.022857142857142857
0 0.5475 0.4666666666666667 0.012142857142857143 0.01904761904761905
0 0.5939285714285715 0.4866666666666667 0.010714285714285714 0.02095238095238095
0 0.4607142857142857 0.5404761904761904 0.011428571428571429 0.018095238095238095
0 0.6353571428571428 0.589047619047619 0.013571428571428571 0.025714285714285714
0 0.5582142857142857 0.6685714285714286 0.012142857142857143 0.02857142857142857
0 0.7246428571428571 0.5638095238095238 0.010714285714285714 0.022857142857142857
0 0.7060714285714286 0.6933333333333334 0.012142857142857143 0.030476190476190476
0 0.7196428571428571 0.7061904761904761 0.010714285714285714 0.023809523809523808
0 0.5225 0.7266666666666667 0.015 0.022857142857142857
0 0.42678571428571427 0.9576190476190476 0.015 0.02
0 0.32035714285714284 0.8909523809523809 0.015 0.025714285714285714
0 0.29285714285714287 0.7323809523809524 0.015714285714285715 0.017142857142857144
0 0.3117857142857143 0.659047619047619 0.010714285714285714 0.01904761904761905
0 0.2621428571428571 0.6490476190476191 0.011428571428571429 0.018095238095238095
0 0.03857142857142857 0.28285714285714286 0.01 0.015238095238095238
0 0.048928571428571425 0.3057142857142857 0.013571428571428571 0.013333333333333334
0 0.3410714285714286 0.04238095238095238 0.010714285714285714 0.023809523809523808
0 0.32071428571428573 0.03190476190476191 0.01 0.023809523809523808
0 0.8378571428571429 0.16428571428571428 0.008571428571428572 0.01619047619047619
0 0.8446428571428571 0.16380952380952382 0.005 0.017142857142857144
0 0.9346428571428571 0.11666666666666667 0.007857142857142858 0.023809523809523808
0 0.9282142857142858 0.10571428571428572 0.0064285714285714285 0.02095238095238095
0 0.9346428571428571 0.09571428571428571 0.007857142857142858 0.018095238095238095
