0 0.6060714285714286 0.9138095238095238 0.009285714285714286 0.018095238095238095
0 0.5785714285714286 0.8604761904761905 0.007142857142857143 0.012380952380952381
0 0.6867857142857143 0.5580952380952381 0.012142857142857143 0.017142857142857144
0 0.7985714285714286 0.45 0.011428571428571429 0.023809523809523808
0 0.7717857142857143 0.39571428571428574 0.010714285714285714 0.02
0 0.5932142857142857 0.19523809523809524 0.012142857142857143 0.01904761904761905
0 0.5885714285714285 0.18714285714285714 0.012857142857142857 0.01619047619047619
0 0.6135714285714285 0.11571428571428571 0.012857142857142857 0.025714285714285714
0 0.24428571428571427 0.0380952380952381 0.017142857142857144 0.030476190476190476
0 0.18642857142857142 0.09142857142857143 0.015714285714285715 0.02666666666666667
0 0.2375 0.19476190476190477 0.013571428571428571 0.021904761904761906
0 0.09107142857142857 0.28904761904761905 0.013571428571428571 0.02
0 0.09857142857142857 0.31238095238095237 0.015714285714285715 0.01904761904761905
0 0.0225 0.4523809523809524 0.019285714285714285 0.01904761904761905
0 0.030357142857142857 0.44666666666666666 0.015 0.017142857142857144
0 0.05142857142857143 0.6619047619047619 0.015714285714285715 0.01904761904761905
