0 0.047857142857142855 0.31952380952380954 0.007142857142857143 0.018095238095238095
0 0.2546428571428571 0.3138095238095238 0.0064285714285714285 0.008571428571428572
0 0.3196428571428571 0.28285714285714286 0.005 0.013333333333333334
0 0.56 0.3252380952380952 0.004285714285714286 0.010476190476190476
0 0.5803571428571429 0.3361904761904762 0.0035714285714285713 0.005714285714285714
0 0.5939285714285715 0.35095238095238096 0.0035714285714285713 0.008571428571428572
0 0.5782142857142857 0.34809523809523807 0.005 0.008571428571428572
0 0.5660714285714286 0.3580952380952381 0.0035714285714285713 0.009523809523809525
0 0.3892857142857143 0.26095238095238094 0.004285714285714286 0.007619047619047619
0 0.5510714285714285 0.2561904761904762 0.0035714285714285713 0.005714285714285714
0 0.5435714285714286 0.24 0.004285714285714286 0.007619047619047619
0 0.5364285714285715 0.2342857142857143 0.002857142857142857 0.005714285714285714
0 0.5242857142857142 0.18142857142857144 0.002857142857142857 0.006666666666666667
0 0.5325 0.1823809523809524 0.0035714285714285713 0.006666666666666667
0 0.29964285714285716 0.2757142857142857 0.005 0.010476190476190476
0 0.4617857142857143 0.18761904761904763 0.0035714285714285713 0.007619047619047619
0 0.5221428571428571 0.16285714285714287 0.002857142857142857 0.0038095238095238095
0 0.64 0.31761904761904763 0.002857142857142857 0.008571428571428572
0 0.6364285714285715 0.31761904761904763 0.002857142857142857 0.010476190476190476
0 0.63 0.3171428571428571 0.002857142857142857 0.011428571428571429
0 0.6282142857142857 0.319047619047619 0.0035714285714285713 0.011428571428571429
0 0.6028571428571429 0.2857142857142857 0.002857142857142857 0.007619047619047619
0 0.6096428571428572 0.28714285714285714 0.002142857142857143 0.008571428571428572
