0 0.89025 0.2846666666666667 0.0065 0.018666666666666668
0 0.84 0.2786666666666667 0.009 0.014666666666666666
0 0.93625 0.23533333333333334 0.0055 0.013333333333333334
0 0.92075 0.20933333333333334 0.0035 0.010666666666666666
0 0.88925 0.19566666666666666 0.0045 0.011333333333333334
0 0.864 0.19266666666666668 0.004 0.012
0 0.844 0.19466666666666665 0.004 0.012
0 0.81075 0.149 0.0035 0.008666666666666666
0 0.81625 0.14066666666666666 0.0025 0.008
0 0.33225 0.25866666666666666 0.0045 0.016
0 0.46075 0.20333333333333334 0.0025 0.010666666666666666
0 0.50225 0.206 0.0035 0.012
0 0.52475 0.20633333333333334 0.0025 0.012666666666666666
0 0.5305 0.20366666666666666 0.003 0.011333333333333334
0 0.53575 0.20266666666666666 0.0025 0.010666666666666666
0 0.53925 0.19266666666666668 0.0035 0.010666666666666666
0 0.534 0.18666666666666668 0.003 0.010666666666666666
0 0.54425 0.18733333333333332 0.0025 0.010666666666666666
0 0.11475 0.3353333333333333 0.0115 0.018666666666666668
0 0.49175 0.3526666666666667 0.0095 0.025333333333333333
0 0.403 0.43433333333333335 0.011 0.018
