0 0.5996868475991649 0.564935064935065 0.017745302713987474 0.08163265306122448
0 0.3168058455114823 0.6275510204081632 0.026096033402922755 0.10296846011131726
0 0.1714509394572025 0.36410018552875695 0.013048016701461378 0.038033395176252316
0 0.21189979123173278 0.34369202226345086 0.012526096033402923 0.045454545454545456
0 0.29592901878914407 0.2388682745825603 0.007306889352818371 0.04359925788497217
0 0.5936847599164927 0.20222634508348794 0.006784968684759917 0.03339517625231911
0 0.6082985386221295 0.19990723562152132 0.004697286012526096 0.030612244897959183
0 0.34237995824634654 0.3274582560296846 0.011482254697286013 0.04081632653061224
0 0.19806889352818371 0.37291280148423006 0.02035490605427975 0.05009276437847866
0 0.4647703549060543 0.13636363636363635 0.004697286012526096 0.016697588126159554
