0 0.70475 0.16066666666666668 0.0115 0.018666666666666668
0 0.493 0.255 0.011 0.027333333333333334
0 0.2685 0.010333333333333333 0.009 0.019333333333333334
0 0.2715 0.017 0.011 0.020666666666666667
0 0.36175 0.07666666666666666 0.0105 0.028
0 0.5595 0.47833333333333333 0.01 0.022
0 0.55075 0.48633333333333334 0.0075 0.020666666666666667
0 0.59225 0.4716666666666667 0.0125 0.023333333333333334
0 0.55725 0.522 0.0085 0.02
0 0.62475 0.5636666666666666 0.0085 0.019333333333333334
0 0.64775 0.5663333333333334 0.0085 0.024666666666666667
0 0.65275 0.5436666666666666 0.0105 0.023333333333333334
0 0.66825 0.5646666666666667 0.0095 0.024
0 0.34225 0.463 0.0095 0.020666666666666667
0 0.34525 0.4543333333333333 0.0135 0.019333333333333334
0 0.594 0.5786666666666667 0.007 0.016
0 0.5985 0.5776666666666667 0.007 0.020666666666666667
0 0.60275 0.591 0.0105 0.023333333333333334
0 0.6825 0.5976666666666667 0.009 0.014
0 0.85125 0.4046666666666667 0.0135 0.014666666666666666
0 0.93525 0.454 0.0135 0.017333333333333333
0 0.9365 0.44766666666666666 0.015 0.018
0 0.9455 0.4226666666666667 0.014 0.018666666666666668
0 0.95275 0.42033333333333334 0.0165 0.018
0 0.97275 0.6423333333333333 0.0185 0.014
0 0.935 0.6903333333333334 0.024 0.016666666666666666
0 0.9285 0.7103333333333334 0.017 0.015333333333333332
0 0.94425 0.7336666666666667 0.0145 0.014
0 0.94775 0.7646666666666667 0.0125 0.010666666666666666
0 0.955 0.772 0.019 0.017333333333333333
0 0.8785 0.8603333333333333 0.019 0.015333333333333332
0 0.982 0.9116666666666666 0.022 0.018
0 0.69225 0.6896666666666667 0.0135 0.015333333333333332
0 0.67525 0.7026666666666667 0.0105 0.016
0 0.59225 0.8596666666666667 0.0105 0.016666666666666666
0 0.5915 0.87 0.011 0.016
