0 0.24928571428571428 0.9166666666666666 0.015714285714285715 0.02
0 0.2671428571428571 0.9152380952380952 0.011428571428571429 0.01904761904761905
0 0.37464285714285717 0.9042857142857142 0.0064285714285714285 0.021904761904761906
0 0.8317857142857142 0.03619047619047619 0.016428571428571428 0.017142857142857144
0 0.8389285714285715 0.0719047619047619 0.013571428571428571 0.018095238095238095
0 0.8475 0.06476190476190476 0.010714285714285714 0.015238095238095238
0 0.8475 0.05619047619047619 0.012142857142857143 0.015238095238095238
0 0.8503571428571428 0.04666666666666667 0.010714285714285714 0.015238095238095238
0 0.7492857142857143 0.13142857142857142 0.01 0.015238095238095238
0 0.8996428571428572 0.2361904761904762 0.010714285714285714 0.015238095238095238
0 0.43214285714285716 0.20047619047619047 0.008571428571428572 0.02
0 0.4257142857142857 0.19904761904761906 0.007142857142857143 0.013333333333333334
0 0.6 0.21857142857142858 0.007142857142857143 0.014285714285714285
0 0.4257142857142857 0.11857142857142858 0.007142857142857143 0.018095238095238095
0 0.4625 0.4261904761904762 0.007857142857142858 0.014285714285714285
0 0.48142857142857143 0.49238095238095236 0.008571428571428572 0.017142857142857144
0 0.4617857142857143 0.6223809523809524 0.007857142857142858 0.014285714285714285
0 0.4639285714285714 0.7695238095238095 0.0064285714285714285 0.017142857142857144
0 0.44821428571428573 0.7233333333333334 0.007857142857142858 0.010476190476190476
0 0.43714285714285717 0.8547619047619047 0.007142857142857143 0.01619047619047619
0 0.5039285714285714 0.8961904761904762 0.007857142857142858 0.02095238095238095
0 0.49 0.8366666666666667 0.005714285714285714 0.018095238095238095
0 0.30107142857142855 0.14238095238095239 0.010714285714285714 0.014285714285714285
0 0.9585714285714285 0.20666666666666667 0.008571428571428572 0.013333333333333334
0 0.44607142857142856 0.05952380952380952 0.013571428571428571 0.023809523809523808
