0 0.42964285714285716 0.42956852791878175 0.007857142857142858 0.031725888324873094
0 0.37214285714285716 0.9486040609137056 0.011428571428571429 0.03934010152284264
0 0.35285714285714287 0.3217005076142132 0.008571428571428572 0.031725888324873094
0 0.37142857142857144 0.32614213197969544 0.007142857142857143 0.030456852791878174
0 0.435 0.2017766497461929 0.007142857142857143 0.02284263959390863
0 0.4685714285714286 0.19860406091370558 0.007142857142857143 0.024111675126903553
0 0.5160714285714286 0.18210659898477158 0.005 0.024111675126903553
0 0.5296428571428572 0.16116751269035534 0.0064285714285714285 0.030456852791878174
0 0.5257142857142857 0.1814720812182741 0.008571428571428572 0.02284263959390863
0 0.5446428571428571 0.16370558375634517 0.0064285714285714285 0.025380710659898477
