0 0.38674321503131526 0.6382189239332097 0.022964509394572025 0.05194805194805195
0 0.4136221294363257 0.6739332096474954 0.01826722338204593 0.05102040816326531
0 0.44467640918580376 0.640074211502783 0.013569937369519834 0.07606679035250463
0 0.4279749478079332 0.6113172541743971 0.010438413361169102 0.04823747680890538
0 0.43919624217118997 0.5547309833024119 0.009916492693110648 0.07606679035250463
0 0.4224947807933194 0.549165120593692 0.019311064718162838 0.06679035250463822
0 0.42171189979123175 0.5273654916512059 0.009394572025052192 0.0287569573283859
0 0.5331419624217119 0.4819109461966605 0.008872651356993737 0.032467532467532464
0 0.5756784968684759 0.4383116883116883 0.009394572025052192 0.05287569573283859
0 0.583768267223382 0.4466604823747681 0.007828810020876827 0.030612244897959183
0 0.45876826722338204 0.1794990723562152 0.005219206680584551 0.036178107606679034
0 0.41283924843423797 0.18089053803339517 0.0041753653444676405 0.02411873840445269
0 0.6411795407098121 0.20918367346938777 0.006784968684759917 0.036178107606679034
0 0.5892484342379958 0.10946196660482375 0.006263048016701462 0.02411873840445269
0 0.4707724425887265 0.04638218923933209 0.003131524008350731 0.011131725417439703
0 0.49608559498956156 0.06539888682745826 0.0036534446764091857 0.013914656771799629
0 0.49086638830897705 0.2810760667903525 0.007828810020876827 0.029684601113172542
0 0.4846033402922756 0.07931354359925788 0.004697286012526096 0.015769944341372914
0 0.48329853862212946 0.031076066790352505 0.003131524008350731 0.012059369202226345
0 0.49295407098121086 0.04081632653061224 0.004697286012526096 0.011131725417439703
