0 0.07 0.770952380952381 0.03 0.039047619047619046
0 0.21928571428571428 0.6090476190476191 0.027142857142857142 0.04476190476190476
0 0.7675 0.4861904761904762 0.016428571428571428 0.04476190476190476
0 0.8914285714285715 0.41333333333333333 0.017142857142857144 0.04
0 0.03 0.23095238095238096 0.014285714285714285 0.025714285714285714
0 0.035 0.1376190476190476 0.01 0.014285714285714285
0 0.22285714285714286 0.030476190476190476 0.007142857142857143 0.017142857142857144
0 0.39571428571428574 0.10809523809523809 0.01 0.018095238095238095
0 0.7864285714285715 0.26 0.011428571428571429 0.02857142857142857
0 0.7235714285714285 0.20238095238095238 0.007142857142857143 0.02
0 0.7125 0.3357142857142857 0.016428571428571428 0.02761904761904762
0 0.38142857142857145 0.09714285714285714 0.007142857142857143 0.02095238095238095
0 0.37214285714285716 0.09095238095238095 0.005714285714285714 0.012380952380952381
0 0.35035714285714287 0.0719047619047619 0.0064285714285714285 0.01619047619047619
0 0.35535714285714287 0.07571428571428572 0.005 0.014285714285714285
0 0.36678571428571427 0.08333333333333333 0.005 0.01619047619047619
0 0.36464285714285716 0.08 0.0035714285714285713 0.013333333333333334
0 0.8967857142857143 0.5338095238095238 0.013571428571428571 0.03142857142857143
0 0.9160714285714285 0.5271428571428571 0.012142857142857143 0.037142857142857144
0 0.925 0.5185714285714286 0.012857142857142857 0.035238095238095235
0 0.7867857142857143 0.14047619047619048 0.0064285714285714285 0.012380952380952381
0 0.7539285714285714 0.16857142857142857 0.0064285714285714285 0.01904761904761905
0 0.7517857142857143 0.19476190476190477 0.007857142857142858 0.01619047619047619
0 0.6992857142857143 0.18761904761904763 0.005714285714285714 0.024761904761904763
