0 0.047857142857142855 0.3730964467005076 0.007142857142857143 0.027918781725888325
0 0.05071428571428571 0.36611675126903553 0.007142857142857143 0.021573604060913704
0 0.05142857142857143 0.35786802030456855 0.008571428571428572 0.02030456852791878
0 0.05142857142857143 0.3553299492385787 0.01 0.025380710659898477
0 0.10035714285714285 0.40545685279187815 0.0064285714285714285 0.0266497461928934
0 0.11357142857142857 0.41116751269035534 0.01 0.030456852791878174
0 0.11535714285714285 0.407994923857868 0.007857142857142858 0.03680203045685279
0 0.10714285714285714 0.37246192893401014 0.008571428571428572 0.024111675126903553
0 0.12142857142857143 0.41116751269035534 0.007142857142857143 0.030456852791878174
0 0.12285714285714286 0.41878172588832485 0.007142857142857143 0.025380710659898477
0 0.12928571428571428 0.3946700507614213 0.008571428571428572 0.030456852791878174
0 0.13035714285714287 0.41624365482233505 0.007857142857142858 0.030456852791878174
0 0.13392857142857142 0.41116751269035534 0.0064285714285714285 0.030456852791878174
0 0.13535714285714287 0.42258883248730966 0.0064285714285714285 0.027918781725888325
0 0.1425 0.41814720812182743 0.007857142857142858 0.0266497461928934
0 0.2807142857142857 0.47652284263959394 0.008571428571428572 0.03426395939086294
0 0.3675 0.22208121827411167 0.007857142857142858 0.02030456852791878
0 0.37785714285714284 0.20939086294416243 0.004285714285714286 0.017766497461928935
0 0.38321428571428573 0.19860406091370558 0.0064285714285714285 0.01649746192893401
0 0.39321428571428574 0.19289340101522842 0.0035714285714285713 0.015228426395939087
0 0.39785714285714285 0.20304568527918782 0.002857142857142857 0.015228426395939087
0 0.5903571428571428 0.25951776649746194 0.0064285714285714285 0.024111675126903553
0 0.5992857142857143 0.2639593908629442 0.004285714285714286 0.02284263959390863
0 0.6046428571428571 0.30647208121827413 0.0064285714285714285 0.024111675126903553
0 0.575 0.3432741116751269 0.007142857142857143 0.02918781725888325
0 0.7867857142857143 0.5234771573604061 0.009285714285714286 0.03426395939086294
0 0.7910714285714285 0.5304568527918782 0.0064285714285714285 0.03299492385786802
0 0.9546428571428571 0.5304568527918782 0.007857142857142858 0.02284263959390863
0 0.9460714285714286 0.5203045685279187 0.0064285714285714285 0.017766497461928935
0 0.9332142857142857 0.5380710659898477 0.007857142857142858 0.02030456852791878
0 0.9282142857142858 0.5348984771573604 0.007857142857142858 0.01903553299492386
0 0.9167857142857143 0.5717005076142132 0.009285714285714286 0.021573604060913704
0 0.9310714285714285 0.5894670050761421 0.007857142857142858 0.0266497461928934
0 0.9003571428571429 0.5977157360406091 0.007857142857142858 0.02284263959390863
0 0.905 0.6034263959390863 0.01 0.024111675126903553
0 0.9114285714285715 0.6034263959390863 0.008571428571428572 0.024111675126903553
0 0.8675 0.7785532994923858 0.010714285714285714 0.03426395939086294
0 0.6835714285714286 0.6986040609137056 0.005714285714285714 0.031725888324873094
0 0.5446428571428571 0.9232233502538071 0.007857142857142858 0.031725888324873094
0 0.4857142857142857 0.5691624365482234 0.008571428571428572 0.024111675126903553
0 0.42714285714285716 0.5520304568527918 0.007142857142857143 0.025380710659898477
