0 0.35428571428571426 0.12238095238095238 0.01 0.02
0 0.2542857142857143 0.12523809523809523 0.012857142857142857 0.025714285714285714
0 0.4546428571428571 0.4880952380952381 0.010714285714285714 0.018095238095238095
0 0.4667857142857143 0.4819047619047619 0.009285714285714286 0.017142857142857144
0 0.475 0.4942857142857143 0.007142857142857143 0.01904761904761905
0 0.28 0.540952380952381 0.011428571428571429 0.017142857142857144
0 0.06785714285714285 0.41619047619047617 0.018571428571428572 0.02095238095238095
0 0.0825 0.42238095238095236 0.019285714285714285 0.018095238095238095
0 0.09214285714285714 0.4804761904761905 0.018571428571428572 0.02
0 0.023928571428571428 0.44857142857142857 0.019285714285714285 0.01904761904761905
0 0.06464285714285714 0.5185714285714286 0.020714285714285713 0.02
0 0.01107142857142857 0.68 0.02214285714285714 0.01904761904761905
0 0.02142857142857143 0.8023809523809524 0.02 0.014285714285714285
0 0.07214285714285715 0.6961904761904761 0.018571428571428572 0.017142857142857144
0 0.017142857142857144 0.8842857142857142 0.025714285714285714 0.014285714285714285
0 0.5125 0.7661904761904762 0.012142857142857143 0.014285714285714285
0 0.9925 0.49857142857142855 0.015 0.02
