0 0.6307142857142857 0.5088832487309645 0.007142857142857143 0.017766497461928935
0 0.49178571428571427 0.34073604060913704 0.0035714285714285713 0.01649746192893401
0 0.48428571428571426 0.383248730964467 0.004285714285714286 0.017766497461928935
0 0.5125 0.3236040609137056 0.005 0.015228426395939087
0 0.4992857142857143 0.19289340101522842 0.002857142857142857 0.012690355329949238
0 0.5067857142857143 0.19289340101522842 0.0035714285714285713 0.015228426395939087
0 0.5017857142857143 0.17703045685279187 0.0035714285714285713 0.013959390862944163
0 0.4807142857142857 0.13261421319796954 0.002857142857142857 0.011421319796954314
0 0.5432142857142858 0.08248730964467005 0.0035714285714285713 0.015228426395939087
0 0.5507142857142857 0.08565989847715735 0.002857142857142857 0.013959390862944163
0 0.5660714285714286 0.08692893401015228 0.0035714285714285713 0.013959390862944163
0 0.5117857142857143 0.05901015228426396 0.002142857142857143 0.013959390862944163
0 0.5203571428571429 0.046954314720812185 0.0035714285714285713 0.015228426395939087
0 0.5357142857142857 0.015228426395939087 0.002857142857142857 0.012690355329949238
0 0.5142857142857142 0.02918781725888325 0.002857142857142857 0.012690355329949238
0 0.31892857142857145 0.1814720812182741 0.0035714285714285713 0.015228426395939087
0 0.3192857142857143 0.13071065989847716 0.004285714285714286 0.012690355329949238
0 0.11392857142857143 0.342005076142132 0.005 0.01649746192893401
0 0.15535714285714286 0.32043147208121825 0.0035714285714285713 0.013959390862944163
0 0.11714285714285715 0.27093908629441626 0.004285714285714286 0.013959390862944163
0 0.12428571428571429 0.25444162436548223 0.004285714285714286 0.013959390862944163
0 0.12928571428571428 0.24619289340101522 0.004285714285714286 0.012690355329949238
0 0.12964285714285714 0.2398477157360406 0.005 0.012690355329949238
0 0.13392857142857142 0.24175126903553298 0.005 0.013959390862944163
0 0.1367857142857143 0.24111675126903553 0.005 0.015228426395939087
0 0.1375 0.2519035532994924 0.005 0.013959390862944163
0 0.14642857142857144 0.24111675126903553 0.005714285714285714 0.015228426395939087
0 0.15107142857142858 0.24619289340101522 0.005 0.015228426395939087
0 0.1575 0.24746192893401014 0.005 0.012690355329949238
0 0.16535714285714287 0.24175126903553298 0.005 0.01903553299492386
0 0.17 0.2430203045685279 0.004285714285714286 0.013959390862944163
0 0.17214285714285715 0.24746192893401014 0.004285714285714286 0.015228426395939087
0 0.08678571428571429 0.29378172588832485 0.0064285714285714285 0.01649746192893401
0 0.2092857142857143 0.2563451776649746 0.005714285714285714 0.015228426395939087
0 0.21928571428571428 0.26015228426395937 0.005714285714285714 0.015228426395939087
0 0.24642857142857144 0.2633248730964467 0.005714285714285714 0.013959390862944163
0 0.24607142857142858 0.26015228426395937 0.005 0.015228426395939087
0 0.25142857142857145 0.258248730964467 0.005714285714285714 0.01649746192893401
0 0.6175 0.12944162436548223 0.0035714285714285713 0.015228426395939087
