0 0.8875 0.004441624365482234 0.005 0.008883248730964468
0 0.9932142857142857 0.06916243654822335 0.002142857142857143 0.008883248730964468
0 0.9885714285714285 0.07106598984771574 0.002857142857142857 0.01015228426395939
0 0.9957142857142857 0.07487309644670051 0.0014285714285714286 0.007614213197969543
0 0.9664285714285714 0.05520304568527919 0.002857142857142857 0.013959390862944163
0 0.7696428571428572 0.6808375634517766 0.002142857142857143 0.008883248730964468
0 0.7803571428571429 0.6706852791878173 0.0035714285714285713 0.011421319796954314
0 0.8132142857142857 0.675761421319797 0.002142857142857143 0.006345177664974619
0 0.7278571428571429 0.7284263959390863 0.004285714285714286 0.01015228426395939
0 0.7153571428571428 0.751269035532995 0.002142857142857143 0.007614213197969543
0 0.7014285714285714 0.7760152284263959 0.002857142857142857 0.011421319796954314
0 0.7142857142857143 0.7411167512690355 0.002857142857142857 0.012690355329949238
0 0.7167857142857142 0.7461928934010152 0.002142857142857143 0.01015228426395939
0 0.7710714285714285 0.684010152284264 0.002142857142857143 0.01015228426395939
0 0.7939285714285714 0.6687817258883249 0.002142857142857143 0.007614213197969543
0 0.8032142857142858 0.666243654822335 0.0035714285714285713 0.007614213197969543
0 0.79 0.6637055837563451 0.002857142857142857 0.01015228426395939
0 0.6278571428571429 0.40609137055837563 0.004285714285714286 0.01015228426395939
0 0.19857142857142857 0.1713197969543147 0.004285714285714286 0.007614213197969543
0 0.19964285714285715 0.16116751269035534 0.002142857142857143 0.005076142131979695
