0 0.3364285714285714 0.13904761904761906 0.012857142857142857 0.03428571428571429
0 0.3985714285714286 0.08619047619047619 0.012857142857142857 0.025714285714285714
0 0.18964285714285714 0.17 0.016428571428571428 0.029523809523809525
0 0.16607142857142856 0.12857142857142856 0.019285714285714285 0.022857142857142857
0 0.18214285714285713 0.2704761904761905 0.02142857142857143 0.022857142857142857
0 0.6892857142857143 0.9152380952380952 0.014285714285714285 0.022857142857142857
0 0.8667857142857143 0.01619047619047619 0.015 0.01904761904761905
0 0.8264285714285714 0.21571428571428572 0.015714285714285715 0.021904761904761906
0 0.7164285714285714 0.2538095238095238 0.011428571428571429 0.018095238095238095
0 0.745 0.12428571428571429 0.015714285714285715 0.021904761904761906
0 0.1425 0.10095238095238095 0.020714285714285713 0.022857142857142857
0 0.1467857142857143 0.0919047619047619 0.027857142857142858 0.021904761904761906
0 0.2025 0.017142857142857144 0.023571428571428573 0.03428571428571429
0 0.19107142857142856 0.015238095238095238 0.02214285714285714 0.030476190476190476
0 0.22857142857142856 0.14333333333333334 0.018571428571428572 0.029523809523809525
0 0.17 0.21714285714285714 0.022857142857142857 0.02666666666666667
0 0.1925 0.21761904761904763 0.020714285714285713 0.018095238095238095
0 0.17821428571428571 0.4166666666666667 0.02214285714285714 0.01619047619047619
0 0.1725 0.5523809523809524 0.015 0.015238095238095238
0 0.1492857142857143 0.5028571428571429 0.022857142857142857 0.013333333333333334
0 0.14607142857142857 0.15904761904761905 0.025 0.01904761904761905
0 0.6714285714285714 0.22333333333333333 0.015714285714285715 0.018095238095238095
0 0.21107142857142858 0.32047619047619047 0.020714285714285713 0.025714285714285714
0 0.21714285714285714 0.30047619047619045 0.015714285714285715 0.012380952380952381
0 0.17964285714285713 0.5871428571428572 0.019285714285714285 0.014285714285714285
0 0.03857142857142857 0.7152380952380952 0.027142857142857142 0.01904761904761905
0 0.06678571428571428 0.7342857142857143 0.039285714285714285 0.02095238095238095
0 0.25535714285714284 0.7495238095238095 0.02214285714285714 0.01904761904761905
0 0.105 0.5566666666666666 0.02 0.014285714285714285
0 0.1332142857142857 0.9533333333333334 0.02214285714285714 0.013333333333333334
0 0.26357142857142857 0.9566666666666667 0.008571428571428572 0.02
0 0.9596428571428571 0.9514285714285714 0.027857142857142858 0.03619047619047619
0 0.7475 0.2523809523809524 0.017857142857142856 0.022857142857142857
0 0.7367857142857143 0.24476190476190476 0.015 0.022857142857142857
0 0.7046428571428571 0.16428571428571428 0.020714285714285713 0.029523809523809525
0 0.9903571428571428 0.3661904761904762 0.019285714285714285 0.021904761904761906
