0 0.2567857142857143 0.007619047619047619 0.013571428571428571 0.015238095238095238
0 0.2735714285714286 0.008571428571428572 0.011428571428571429 0.017142857142857144
0 0.2835714285714286 0.07142857142857142 0.012857142857142857 0.030476190476190476
0 0.3 0.06380952380952382 0.014285714285714285 0.03428571428571429
0 0.15535714285714286 0.7742857142857142 0.02214285714285714 0.017142857142857144
0 0.13178571428571428 0.5833333333333334 0.02214285714285714 0.014285714285714285
0 0.2832142857142857 0.7123809523809523 0.015 0.017142857142857144
0 0.2835714285714286 0.6747619047619048 0.015714285714285715 0.014285714285714285
0 0.29928571428571427 0.68 0.014285714285714285 0.011428571428571429
0 0.3142857142857143 0.690952380952381 0.007142857142857143 0.012380952380952381
0 0.31142857142857144 0.7142857142857143 0.015714285714285715 0.015238095238095238
0 0.2810714285714286 0.5866666666666667 0.015 0.015238095238095238
0 0.2885714285714286 0.6128571428571429 0.018571428571428572 0.014285714285714285
0 0.32 0.6190476190476191 0.012857142857142857 0.015238095238095238
0 0.32357142857142857 0.6095238095238096 0.008571428571428572 0.013333333333333334
