0 0.40964285714285714 0.0838095238095238 0.005 0.013333333333333334
0 0.2067857142857143 0.22666666666666666 0.007857142857142858 0.015238095238095238
0 0.2032142857142857 0.23095238095238096 0.005 0.012380952380952381
0 0.1957142857142857 0.22904761904761906 0.005714285714285714 0.012380952380952381
0 0.23642857142857143 0.13095238095238096 0.005714285714285714 0.014285714285714285
0 0.72 0.6938095238095238 0.005714285714285714 0.02
0 0.7335714285714285 0.6923809523809524 0.007142857142857143 0.01904761904761905
0 0.7228571428571429 0.6571428571428571 0.007142857142857143 0.013333333333333334
0 0.7303571428571428 0.5523809523809524 0.007857142857142858 0.015238095238095238
0 0.11964285714285715 0.39 0.0064285714285714285 0.01619047619047619
0 0.19607142857142856 0.31666666666666665 0.0035714285714285713 0.012380952380952381
0 0.44107142857142856 0.6538095238095238 0.0064285714285714285 0.018095238095238095
0 0.445 0.8557142857142858 0.007142857142857143 0.023809523809523808
0 0.6975 0.9842857142857143 0.009285714285714286 0.018095238095238095
0 0.6742857142857143 0.5071428571428571 0.007142857142857143 0.018095238095238095
0 0.6585714285714286 0.5023809523809524 0.007142857142857143 0.01619047619047619
0 0.6021428571428571 0.4990476190476191 0.007142857142857143 0.013333333333333334
0 0.64 0.43714285714285717 0.005714285714285714 0.015238095238095238
0 0.6460714285714285 0.42952380952380953 0.005 0.017142857142857144
0 0.6457142857142857 0.42 0.005714285714285714 0.011428571428571429
