0 0.6439285714285714 0.7176190476190476 0.017857142857142856 0.037142857142857144
0 0.6125 0.42714285714285716 0.012142857142857143 0.03142857142857143
0 0.7353571428571428 0.559047619047619 0.015 0.030476190476190476
0 0.6692857142857143 0.3557142857142857 0.011428571428571429 0.02761904761904762
0 0.6028571428571429 0.17761904761904762 0.01 0.025714285714285714
0 0.56 0.12714285714285714 0.008571428571428572 0.023809523809523808
0 0.5535714285714286 0.13523809523809524 0.008571428571428572 0.024761904761904763
0 0.5425 0.21 0.009285714285714286 0.025714285714285714
0 0.47714285714285715 0.07380952380952381 0.007142857142857143 0.018095238095238095
0 0.55 0.07666666666666666 0.007142857142857143 0.023809523809523808
0 0.5421428571428571 0.020476190476190478 0.007142857142857143 0.018095238095238095
0 0.5310714285714285 0.03333333333333333 0.005 0.02095238095238095
0 0.5357142857142857 0.032857142857142856 0.005714285714285714 0.021904761904761906
0 0.6196428571428572 0.16476190476190475 0.0064285714285714285 0.024761904761904763
0 0.5175 0.1819047619047619 0.0064285714285714285 0.02666666666666667
0 0.5317857142857143 0.19095238095238096 0.0064285714285714285 0.02761904761904762
0 0.5717857142857142 0.05095238095238095 0.007857142857142858 0.01619047619047619
0 0.5271428571428571 0.17523809523809525 0.004285714285714286 0.02095238095238095
0 0.5310714285714285 0.1742857142857143 0.005 0.015238095238095238
0 0.95 0.6576190476190477 0.02142857142857143 0.03142857142857143
0 0.9321428571428572 0.5957142857142858 0.018571428571428572 0.03333333333333333
0 0.15571428571428572 0.3547619047619048 0.015714285714285715 0.03142857142857143
