0 0.7217857142857143 0.8790476190476191 0.016428571428571428 0.02095238095238095
0 0.6846428571428571 0.5747619047619048 0.007857142857142858 0.012380952380952381
0 0.6928571428571428 0.5766666666666667 0.007142857142857143 0.012380952380952381
0 0.6967857142857142 0.5880952380952381 0.009285714285714286 0.014285714285714285
0 0.6907142857142857 0.5980952380952381 0.008571428571428572 0.013333333333333334
0 0.6764285714285714 0.5857142857142857 0.007142857142857143 0.011428571428571429
0 0.2542857142857143 0.9328571428571428 0.012857142857142857 0.014285714285714285
0 0.2592857142857143 0.9552380952380952 0.008571428571428572 0.011428571428571429
0 0.23142857142857143 0.9157142857142857 0.011428571428571429 0.012380952380952381
0 0.22428571428571428 0.9295238095238095 0.008571428571428572 0.009523809523809525
0 0.21428571428571427 0.9285714285714286 0.01 0.009523809523809525
0 0.22321428571428573 0.9071428571428571 0.007857142857142858 0.012380952380952381
0 0.19035714285714286 0.9333333333333333 0.012142857142857143 0.013333333333333334
0 0.18892857142857142 0.9133333333333333 0.009285714285714286 0.011428571428571429
0 0.18785714285714286 0.8952380952380953 0.01 0.011428571428571429
0 0.1825 0.8761904761904762 0.009285714285714286 0.011428571428571429
0 0.1792857142857143 0.8947619047619048 0.007142857142857143 0.010476190476190476
0 0.19428571428571428 0.8776190476190476 0.017142857142857144 0.012380952380952381
0 0.22142857142857142 0.8690476190476191 0.007142857142857143 0.012380952380952381
0 0.21607142857142858 0.8514285714285714 0.010714285714285714 0.013333333333333334
0 0.2257142857142857 0.8428571428571429 0.008571428571428572 0.011428571428571429
0 0.22035714285714286 0.8342857142857143 0.010714285714285714 0.011428571428571429
0 0.2117857142857143 0.8376190476190476 0.010714285714285714 0.012380952380952381
0 0.22071428571428572 0.8142857142857143 0.008571428571428572 0.011428571428571429
0 0.21785714285714286 0.799047619047619 0.008571428571428572 0.009523809523809525
0 0.20964285714285713 0.8 0.007857142857142858 0.011428571428571429
0 0.18857142857142858 0.7733333333333333 0.008571428571428572 0.013333333333333334
0 0.21142857142857144 0.7528571428571429 0.008571428571428572 0.012380952380952381
0 0.22035714285714286 0.7485714285714286 0.007857142857142858 0.013333333333333334
0 0.21142857142857144 0.7338095238095238 0.01 0.010476190476190476
0 0.20357142857142857 0.7433333333333333 0.007142857142857143 0.010476190476190476
0 0.22071428571428572 0.7295238095238096 0.008571428571428572 0.009523809523809525
0 0.28 0.8057142857142857 0.008571428571428572 0.015238095238095238
0 0.3053571428571429 0.770952380952381 0.010714285714285714 0.023809523809523808
0 0.24285714285714285 0.6866666666666666 0.011428571428571429 0.01904761904761905
0 0.25107142857142856 0.5833333333333334 0.010714285714285714 0.014285714285714285
0 0.18642857142857142 0.6447619047619048 0.007142857142857143 0.011428571428571429
0 0.19392857142857142 0.6419047619047619 0.007857142857142858 0.009523809523809525
0 0.19428571428571428 0.6261904761904762 0.008571428571428572 0.012380952380952381
0 0.17857142857142858 0.6276190476190476 0.008571428571428572 0.009523809523809525
0 0.17821428571428571 0.6414285714285715 0.0064285714285714285 0.010476190476190476
0 0.18714285714285714 0.6214285714285714 0.005714285714285714 0.010476190476190476
0 0.18785714285714286 0.5904761904761905 0.008571428571428572 0.013333333333333334
0 0.19535714285714287 0.5976190476190476 0.007857142857142858 0.014285714285714285
0 0.2032142857142857 0.5847619047619048 0.009285714285714286 0.011428571428571429
0 0.19285714285714287 0.5780952380952381 0.008571428571428572 0.011428571428571429
0 0.1675 0.5785714285714286 0.007857142857142858 0.012380952380952381
0 0.15857142857142856 0.5942857142857143 0.011428571428571429 0.015238095238095238
0 0.14214285714285715 0.5533333333333333 0.011428571428571429 0.022857142857142857
0 0.16535714285714287 0.5595238095238095 0.007857142857142858 0.012380952380952381
0 0.17392857142857143 0.55 0.007857142857142858 0.010476190476190476
0 0.16607142857142856 0.54 0.007857142857142858 0.009523809523809525
0 0.1575 0.5466666666666666 0.005 0.011428571428571429
0 0.18357142857142858 0.5423809523809524 0.007142857142857143 0.012380952380952381
0 0.19392857142857142 0.5514285714285714 0.007857142857142858 0.011428571428571429
0 0.20107142857142857 0.5428571428571428 0.007857142857142858 0.009523809523809525
0 0.19428571428571428 0.530952380952381 0.005714285714285714 0.008571428571428572
0 0.21035714285714285 0.5304761904761904 0.007857142857142858 0.009523809523809525
0 0.21107142857142858 0.5419047619047619 0.007857142857142858 0.009523809523809525
0 0.16071428571428573 0.5214285714285715 0.007142857142857143 0.012380952380952381
0 0.1725 0.5061904761904762 0.009285714285714286 0.010476190476190476
0 0.15714285714285714 0.5019047619047619 0.007142857142857143 0.011428571428571429
0 0.16428571428571428 0.4976190476190476 0.01 0.010476190476190476
0 0.22 0.5295238095238095 0.007142857142857143 0.015238095238095238
0 0.1417857142857143 0.4795238095238095 0.0064285714285714285 0.012380952380952381
