0 0.5960714285714286 0.6285714285714286 0.012142857142857143 0.02857142857142857
0 0.6085714285714285 0.6076190476190476 0.008571428571428572 0.030476190476190476
0 0.37535714285714283 0.690952380952381 0.012142857142857143 0.025714285714285714
0 0.32785714285714285 0.64 0.011428571428571429 0.03238095238095238
0 0.3825 0.6442857142857142 0.009285714285714286 0.03142857142857143
0 0.0275 0.8938095238095238 0.015 0.05047619047619047
0 0.6789285714285714 0.5642857142857143 0.012142857142857143 0.021904761904761906
0 0.8639285714285714 0.6366666666666667 0.010714285714285714 0.029523809523809525
0 0.8414285714285714 0.6166666666666667 0.01 0.029523809523809525
0 0.835 0.6066666666666667 0.01 0.022857142857142857
0 0.8621428571428571 0.6052380952380952 0.01 0.018095238095238095
0 0.8746428571428572 0.6033333333333334 0.012142857142857143 0.025714285714285714
0 0.7675 0.6628571428571428 0.012142857142857143 0.022857142857142857
0 0.6382142857142857 0.6076190476190476 0.010714285714285714 0.022857142857142857
0 0.4007142857142857 0.6109523809523809 0.012857142857142857 0.025714285714285714
0 0.15 0.5576190476190476 0.01 0.025714285714285714
0 0.2757142857142857 0.5123809523809524 0.008571428571428572 0.02666666666666667
0 0.275 0.4076190476190476 0.004285714285714286 0.009523809523809525
0 0.4925 0.9857142857142858 0.020714285714285713 0.02857142857142857
