0 0.02142857142857143 0.6447619047619048 0.014285714285714285 0.013333333333333334
0 0.17107142857142857 0.6480952380952381 0.013571428571428571 0.014285714285714285
0 0.24714285714285714 0.6461904761904762 0.015714285714285715 0.014285714285714285
0 0.2257142857142857 0.66 0.012857142857142857 0.013333333333333334
0 0.12392857142857143 0.5114285714285715 0.012142857142857143 0.009523809523809525
0 0.13357142857142856 0.5038095238095238 0.017142857142857144 0.013333333333333334
0 0.1382142857142857 0.46 0.016428571428571428 0.011428571428571429
0 0.13357142857142856 0.4638095238095238 0.005714285714285714 0.005714285714285714
0 0.16035714285714286 0.4542857142857143 0.013571428571428571 0.013333333333333334
0 0.2082142857142857 0.4638095238095238 0.012142857142857143 0.013333333333333334
0 0.21892857142857142 0.45285714285714285 0.015 0.012380952380952381
0 0.24607142857142858 0.4471428571428571 0.012142857142857143 0.010476190476190476
0 0.35678571428571426 0.07095238095238095 0.012142857142857143 0.018095238095238095
0 0.3692857142857143 0.06095238095238095 0.011428571428571429 0.01904761904761905
0 0.35428571428571426 0.05047619047619047 0.011428571428571429 0.02095238095238095
0 0.3610714285714286 0.034761904761904765 0.013571428571428571 0.025714285714285714
0 0.2739285714285714 0.11238095238095239 0.023571428571428573 0.03428571428571429
0 0.03857142857142857 0.49333333333333335 0.024285714285714285 0.015238095238095238
0 0.09392857142857143 0.46285714285714286 0.020714285714285713 0.017142857142857144
0 0.10392857142857143 0.43238095238095237 0.017857142857142856 0.013333333333333334
0 0.013214285714285715 0.4080952380952381 0.02214285714285714 0.014285714285714285
0 0.4639285714285714 0.6304761904761905 0.012142857142857143 0.013333333333333334
0 0.5103571428571428 0.5557142857142857 0.012142857142857143 0.012380952380952381
0 0.5132142857142857 0.5695238095238095 0.009285714285714286 0.017142857142857144
0 0.5253571428571429 0.5652380952380952 0.009285714285714286 0.018095238095238095
0 0.4042857142857143 0.5561904761904762 0.01 0.015238095238095238
0 0.4089285714285714 0.53 0.013571428571428571 0.010476190476190476
0 0.4057142857142857 0.5076190476190476 0.012857142857142857 0.013333333333333334
0 0.3964285714285714 0.4895238095238095 0.008571428571428572 0.015238095238095238
0 0.4067857142857143 0.4928571428571429 0.007857142857142858 0.010476190476190476
0 0.5696428571428571 0.53 0.007857142857142858 0.010476190476190476
0 0.5571428571428572 0.5380952380952381 0.008571428571428572 0.011428571428571429
0 0.5914285714285714 0.5052380952380953 0.012857142857142857 0.012380952380952381
0 0.685 0.3647619047619048 0.012857142857142857 0.015238095238095238
0 0.7017857142857142 0.2742857142857143 0.016428571428571428 0.01904761904761905
0 0.7464285714285714 0.21047619047619048 0.02 0.02666666666666667
0 0.7660714285714286 0.2119047619047619 0.015 0.018095238095238095
0 0.7875 0.1757142857142857 0.016428571428571428 0.021904761904761906
0 0.7617857142857143 0.1719047619047619 0.017857142857142856 0.02761904761904762
0 0.8189285714285715 0.14952380952380953 0.017857142857142856 0.01904761904761905
0 0.8275 0.06333333333333334 0.016428571428571428 0.02
