0 0.345 0.9513333333333334 0.009 0.024
0 0.363 0.9006666666666666 0.007 0.016
0 0.35825 0.816 0.0065 0.018666666666666668
0 0.21975 0.45266666666666666 0.0035 0.008
0 0.77575 0.5553333333333333 0.0035 0.013333333333333334
0 0.78025 0.556 0.0025 0.008
0 0.77775 0.552 0.0035 0.013333333333333334
0 0.78275 0.552 0.0035 0.012
0 0.4085 0.6036666666666667 0.006 0.01
0 0.44725 0.5823333333333334 0.0035 0.011333333333333334
0 0.45175 0.5833333333333334 0.0035 0.014666666666666666
0 0.4615 0.6406666666666667 0.004 0.013333333333333334
0 0.484 0.6543333333333333 0.005 0.015333333333333332
0 0.46525 0.6756666666666666 0.0055 0.016666666666666666
0 0.47075 0.6776666666666666 0.0045 0.014
