0 0.77875 0.7993333333333333 0.0215 0.04
0 0.0475 0.7106666666666667 0.021 0.029333333333333333
0 0.0435 0.681 0.016 0.026
0 0.1005 0.566 0.014 0.024
0 0.01025 0.662 0.0155 0.018666666666666668
0 0.44975 0.8153333333333334 0.0135 0.03333333333333333
0 0.588 0.7576666666666667 0.012 0.03266666666666666
0 0.41425 0.6953333333333334 0.0125 0.02266666666666667
0 0.42975 0.7023333333333334 0.0125 0.026
0 0.69825 0.8896666666666667 0.0135 0.03666666666666667
0 0.509 0.9596666666666667 0.019 0.034
0 0.88625 0.7203333333333334 0.0125 0.027333333333333334
0 0.67675 0.872 0.0155 0.029333333333333333
0 0.75425 0.906 0.0165 0.032
0 0.91 0.811 0.014 0.027333333333333334
0 0.66575 0.6566666666666666 0.0105 0.029333333333333333
0 0.912 0.387 0.008 0.020666666666666667
0 0.88425 0.37866666666666665 0.0065 0.013333333333333334
0 0.95575 0.6113333333333333 0.0115 0.02666666666666667
0 0.96875 0.5846666666666667 0.0115 0.025333333333333333
0 0.973 0.5583333333333333 0.01 0.024666666666666667
0 0.83925 0.896 0.0135 0.029333333333333333
0 0.86275 0.484 0.0135 0.02666666666666667
0 0.84575 0.495 0.0095 0.024666666666666667
0 0.84675 0.52 0.0095 0.024
0 0.85575 0.5236666666666666 0.0095 0.026
