0 0.02857142857142857 0.27714285714285714 0.024285714285714285 0.03619047619047619
0 0.17214285714285715 0.37238095238095237 0.024285714285714285 0.045714285714285714
0 0.09785714285714285 0.009523809523809525 0.01 0.01904761904761905
0 0.2007142857142857 0.1961904761904762 0.02 0.0419047619047619
0 0.21857142857142858 0.19285714285714287 0.014285714285714285 0.04857142857142857
0 0.23535714285714285 0.2361904761904762 0.017857142857142856 0.05904761904761905
0 0.25892857142857145 0.2280952380952381 0.017857142857142856 0.05619047619047619
0 0.5128571428571429 0.24761904761904763 0.015714285714285715 0.04
0 0.6610714285714285 0.2704761904761905 0.016428571428571428 0.05523809523809524
0 0.6810714285714285 0.25285714285714284 0.010714285714285714 0.05047619047619047
0 0.6914285714285714 0.24714285714285714 0.01 0.04476190476190476
0 0.6964285714285714 0.24476190476190476 0.012857142857142857 0.049523809523809526
0 0.7403571428571428 0.34714285714285714 0.019285714285714285 0.06380952380952382
0 0.7917857142857143 0.2557142857142857 0.012142857142857143 0.06190476190476191
0 0.8292857142857143 0.25333333333333335 0.017142857142857144 0.06095238095238095
0 0.75 0.28714285714285714 0.017142857142857144 0.035238095238095235
0 0.9817857142857143 0.06666666666666667 0.013571428571428571 0.04
0 0.6071428571428571 0.8352380952380952 0.04857142857142857 0.09523809523809523
0 0.029285714285714286 0.7161904761904762 0.03428571428571429 0.04380952380952381
0 0.9089285714285714 0.7033333333333334 0.052142857142857144 0.07333333333333333
