0 0.3713465553235908 0.8566790352504638 0.007828810020876827 0.026901669758812616
0 0.3465553235908142 0.8821892393320965 0.007306889352818371 0.03339517625231911
0 0.354384133611691 0.8886827458256029 0.012526096033402923 0.04452690166975881
0 0.4981732776617954 0.8358070500927643 0.010960334029227558 0.03710575139146568
0 0.33820459290187893 0.8246753246753247 0.006263048016701462 0.016697588126159554
0 0.5587160751565762 0.46335807050092764 0.006784968684759917 0.0287569573283859
0 0.5775052192066806 0.4902597402597403 0.006784968684759917 0.021335807050092765
0 0.5751565762004175 0.49443413729128016 0.005219206680584551 0.01855287569573284
0 0.5125260960334029 0.9675324675324676 0.015657620041753653 0.03153988868274583
0 0.7907098121085595 0.9485157699443414 0.006263048016701462 0.02504638218923933
0 0.7834029227557411 0.9243970315398887 0.011482254697286013 0.038033395176252316
0 0.9151878914405011 0.47866419294990725 0.006784968684759917 0.016697588126159554
0 0.6197807933194155 0.3112244897959184 0.006784968684759917 0.017625231910946195
0 0.740866388308977 0.23283858998144713 0.0026096033402922755 0.012987012987012988
0 0.7372129436325678 0.22866419294990722 0.004697286012526096 0.012059369202226345
0 0.778705636743215 0.22912801484230055 0.0041753653444676405 0.016697588126159554
0 0.7319937369519833 0.21428571428571427 0.0036534446764091857 0.01855287569573284
0 0.8353340292275574 0.23515769944341372 0.005741127348643006 0.01020408163265306
0 0.576722338204593 0.13543599257884972 0.007306889352818371 0.02040816326530612
0 0.5795929018789144 0.13218923933209648 0.004697286012526096 0.02504638218923933
0 0.8178496868475992 0.22634508348794063 0.0041753653444676405 0.014842300556586271
0 0.816544885177453 0.2527829313543599 0.0036534446764091857 0.013914656771799629
0 0.848643006263048 0.23330241187384043 0.0041753653444676405 0.013914656771799629
0 0.9055323590814196 0.15769944341372913 0.0041753653444676405 0.014842300556586271
0 0.886482254697286 0.16233766233766234 0.0036534446764091857 0.011131725417439703
0 0.7312108559498957 0.0037105751391465678 0.0020876826722338203 0.0055658627087198514
