0 0.8042857142857143 0.6795685279187818 0.011428571428571429 0.0266497461928934
0 0.8421428571428572 0.6465736040609137 0.01 0.024111675126903553
0 0.9025 0.7506345177664975 0.012142857142857143 0.031725888324873094
0 0.9 0.9035532994923858 0.012857142857142857 0.030456852791878174
0 0.8935714285714286 0.875 0.008571428571428572 0.031725888324873094
0 0.7275 0.23223350253807107 0.0064285714285714285 0.02030456852791878
0 0.7296428571428571 0.2265228426395939 0.0035714285714285713 0.01649746192893401
0 0.7360714285714286 0.22842639593908629 0.0035714285714285713 0.017766497461928935
0 0.7546428571428572 0.22779187817258884 0.0064285714285714285 0.021573604060913704
0 0.15107142857142858 0.2049492385786802 0.007857142857142858 0.01649746192893401
0 0.13178571428571428 0.10215736040609137 0.005 0.01649746192893401
0 0.15607142857142858 0.31852791878172587 0.005 0.017766497461928935
0 0.18321428571428572 0.41243654822335024 0.0064285714285714285 0.02030456852791878
0 0.2367857142857143 0.33883248730964466 0.007857142857142858 0.02284263959390863
0 0.21678571428571428 0.3210659898477157 0.0064285714285714285 0.015228426395939087
0 0.31 0.2506345177664975 0.007142857142857143 0.021573604060913704
0 0.24035714285714285 0.027918781725888325 0.005 0.017766497461928935
0 0.18964285714285714 0.01713197969543147 0.005 0.01649746192893401
0 0.1625 0.03680203045685279 0.005 0.017766497461928935
0 0.16642857142857143 0.03553299492385787 0.004285714285714286 0.02030456852791878
0 0.19785714285714287 0.02918781725888325 0.004285714285714286 0.015228426395939087
0 0.1992857142857143 0.030456852791878174 0.005714285714285714 0.02030456852791878
0 0.155 0.30456852791878175 0.005714285714285714 0.015228426395939087
