0 0.4725 0.6560913705583756 0.007857142857142858 0.025380710659898477
0 0.38357142857142856 0.5177664974619289 0.007142857142857143 0.025380710659898477
0 0.3792857142857143 0.5126903553299492 0.005714285714285714 0.025380710659898477
0 0.68 0.6687817258883249 0.007142857142857143 0.03553299492385787
0 0.5932142857142857 0.44923857868020306 0.007857142857142858 0.02284263959390863
0 0.6017857142857143 0.4289340101522843 0.0064285714285714285 0.025380710659898477
0 0.6110714285714286 0.4447969543147208 0.0064285714285714285 0.024111675126903553
0 0.6175 0.43718274111675126 0.005 0.0266497461928934
0 0.6260714285714286 0.4276649746192893 0.005 0.030456852791878174
0 0.6271428571428571 0.4612944162436548 0.005714285714285714 0.0266497461928934
0 0.6332142857142857 0.4612944162436548 0.005 0.024111675126903553
0 0.5507142857142857 0.3489847715736041 0.005714285714285714 0.02030456852791878
0 0.5378571428571428 0.35279187817258884 0.005714285714285714 0.017766497461928935
0 0.5321428571428571 0.3534263959390863 0.004285714285714286 0.01649746192893401
0 0.008571428571428572 0.44352791878172587 0.008571428571428572 0.0266497461928934
0 0.005 0.4397208121827411 0.005714285714285714 0.021573604060913704
0 0.14714285714285713 0.2696700507614213 0.005714285714285714 0.01649746192893401
0 0.1425 0.26649746192893403 0.005 0.017766497461928935
0 0.1382142857142857 0.2626903553299492 0.0035714285714285713 0.015228426395939087
0 0.15142857142857144 0.24111675126903553 0.005714285714285714 0.015228426395939087
0 0.15321428571428572 0.23857868020304568 0.005 0.017766497461928935
0 0.15607142857142858 0.23730964467005075 0.005 0.015228426395939087
0 0.18321428571428572 0.20812182741116753 0.005 0.017766497461928935
0 0.19857142857142857 0.19416243654822335 0.004285714285714286 0.017766497461928935
0 0.06714285714285714 0.35723350253807107 0.004285714285714286 0.01903553299492386
0 0.2367857142857143 0.1453045685279188 0.0035714285714285713 0.013959390862944163
0 0.22107142857142856 0.1567258883248731 0.0035714285714285713 0.013959390862944163
0 0.29428571428571426 0.07550761421319797 0.002857142857142857 0.011421319796954314
0 0.28285714285714286 0.09390862944162437 0.002857142857142857 0.012690355329949238
