0 0.09785714285714285 0.6345177664974619 0.012857142857142857 0.04314720812182741
0 0.11928571428571429 0.6021573604060914 0.011428571428571429 0.04187817258883249
0 0.2317857142857143 0.4543147208121827 0.0035714285714285713 0.015228426395939087
0 0.22714285714285715 0.45241116751269034 0.005714285714285714 0.024111675126903553
0 0.23285714285714285 0.4346446700507614 0.005714285714285714 0.021573604060913704
0 0.24464285714285713 0.43147208121827413 0.005 0.02030456852791878
0 0.2789285714285714 0.37055837563451777 0.0035714285714285713 0.012690355329949238
0 0.22107142857142856 0.45241116751269034 0.005 0.01649746192893401
0 0.21428571428571427 0.4536802030456853 0.005714285714285714 0.024111675126903553
0 0.21714285714285714 0.4498730964467005 0.004285714285714286 0.021573604060913704
0 0.29035714285714287 0.3489847715736041 0.0035714285714285713 0.01015228426395939
0 0.2892857142857143 0.3483502538071066 0.002857142857142857 0.011421319796954314
0 0.3367857142857143 0.3464467005076142 0.002142857142857143 0.012690355329949238
0 0.2825 0.3489847715736041 0.002142857142857143 0.007614213197969543
0 0.26821428571428574 0.35279187817258884 0.002142857142857143 0.007614213197969543
0 0.135 0.5095177664974619 0.005714285714285714 0.024111675126903553
