0 0.7721428571428571 0.69 0.05 0.07904761904761905
0 0.72 0.76 0.04857142857142857 0.06857142857142857
0 0.5878571428571429 0.6419047619047619 0.037142857142857144 0.05904761904761905
0 0.4957142857142857 0.6190476190476191 0.045714285714285714 0.05904761904761905
0 0.4207142857142857 0.7619047619047619 0.047142857142857146 0.07428571428571429
0 0.3992857142857143 0.8452380952380952 0.05 0.06571428571428571
0 0.6142857142857143 0.508095238095238 0.02857142857142857 0.06380952380952382
0 0.5789285714285715 0.5019047619047619 0.03357142857142857 0.0838095238095238
0 0.5171428571428571 0.4723809523809524 0.03571428571428571 0.07809523809523809
0 0.4739285714285714 0.43047619047619046 0.03214285714285714 0.05904761904761905
0 0.30857142857142855 0.3238095238095238 0.03571428571428571 0.0838095238095238
0 0.22357142857142856 0.31952380952380954 0.047142857142857146 0.08476190476190476
0 0.34785714285714286 0.07428571428571429 0.03 0.07809523809523809
0 0.30392857142857144 0.09666666666666666 0.03214285714285714 0.07714285714285714
