0 0.029285714285714286 0.8152380952380952 0.02 0.02857142857142857
0 0.18607142857142858 0.7295238095238096 0.007857142857142858 0.02666666666666667
0 0.34714285714285714 0.5371428571428571 0.007142857142857143 0.01904761904761905
0 0.5382142857142858 0.28476190476190477 0.0035714285714285713 0.007619047619047619
0 0.4714285714285714 0.29714285714285715 0.004285714285714286 0.007619047619047619
0 0.4607142857142857 0.34904761904761905 0.004285714285714286 0.008571428571428572
0 0.4632142857142857 0.34809523809523807 0.005 0.010476190476190476
0 0.33535714285714285 0.4519047619047619 0.005 0.014285714285714285
0 0.5725 0.42523809523809525 0.005 0.018095238095238095
0 0.5864285714285714 0.42 0.004285714285714286 0.01904761904761905
0 0.6260714285714286 0.21571428571428572 0.0035714285714285713 0.010476190476190476
0 0.5964285714285714 0.20761904761904762 0.0014285714285714286 0.009523809523809525
0 0.6071428571428571 0.19523809523809524 0.002857142857142857 0.009523809523809525
0 0.6110714285714286 0.19523809523809524 0.0035714285714285713 0.011428571428571429
0 0.6146428571428572 0.1957142857142857 0.002142857142857143 0.008571428571428572
0 0.3435714285714286 0.26857142857142857 0.002857142857142857 0.009523809523809525
