0 0.41678571428571426 0.6542857142857142 0.0064285714285714285 0.02666666666666667
0 0.46214285714285713 0.599047619047619 0.005714285714285714 0.024761904761904763
0 0.4639285714285714 0.5204761904761904 0.005 0.018095238095238095
0 0.47 0.5190476190476191 0.005714285714285714 0.017142857142857144
0 0.4328571428571429 0.48523809523809525 0.004285714285714286 0.014285714285714285
0 0.5028571428571429 0.38047619047619047 0.005714285714285714 0.01619047619047619
0 0.4828571428571429 0.3323809523809524 0.004285714285714286 0.015238095238095238
0 0.5189285714285714 0.30333333333333334 0.002142857142857143 0.010476190476190476
0 0.5917857142857142 0.04904761904761905 0.002142857142857143 0.004761904761904762
0 0.5267857142857143 0.1019047619047619 0.002142857142857143 0.007619047619047619
0 0.5246428571428572 0.10047619047619048 0.002142857142857143 0.006666666666666667
0 0.5396428571428571 0.10238095238095238 0.002142857142857143 0.006666666666666667
0 0.5367857142857143 0.1019047619047619 0.002142857142857143 0.007619047619047619
0 0.535 0.12380952380952381 0.002857142857142857 0.011428571428571429
0 0.5325 0.12333333333333334 0.002142857142857143 0.006666666666666667
0 0.5660714285714286 0.10428571428571429 0.002142857142857143 0.006666666666666667
0 0.5639285714285714 0.10333333333333333 0.002142857142857143 0.006666666666666667
0 0.5403571428571429 0.15666666666666668 0.002142857142857143 0.008571428571428572
0 0.5364285714285715 0.15476190476190477 0.002857142857142857 0.008571428571428572
0 0.5332142857142858 0.15333333333333332 0.002142857142857143 0.007619047619047619
0 0.5892857142857143 0.1280952380952381 0.0014285714285714286 0.004761904761904762
0 0.5746428571428571 0.1261904761904762 0.002142857142857143 0.006666666666666667
0 0.5260714285714285 0.17809523809523808 0.002142857142857143 0.005714285714285714
0 0.5228571428571429 0.23904761904761904 0.002857142857142857 0.007619047619047619
0 0.5846428571428571 0.22952380952380952 0.002142857142857143 0.007619047619047619
0 0.6471428571428571 0.005714285714285714 0.0014285714285714286 0.0038095238095238095
0 0.6360714285714286 0.05333333333333334 0.002142857142857143 0.005714285714285714
0 0.6332142857142857 0.0380952380952381 0.002142857142857143 0.005714285714285714
0 0.6525 0.029047619047619048 0.002142857142857143 0.004761904761904762
0 0.6503571428571429 0.047619047619047616 0.002142857142857143 0.005714285714285714
0 0.675 0.05476190476190476 0.0014285714285714286 0.002857142857142857
0 0.6346428571428572 0.10571428571428572 0.002142857142857143 0.007619047619047619
0 0.6360714285714286 0.11619047619047619 0.002142857142857143 0.005714285714285714
0 0.645 0.12666666666666668 0.0014285714285714286 0.005714285714285714
0 0.6432142857142857 0.10952380952380952 0.002142857142857143 0.007619047619047619
0 0.6375 0.10857142857142857 0.002142857142857143 0.007619047619047619
0 0.6403571428571428 0.10904761904761905 0.002142857142857143 0.006666666666666667
0 0.6028571428571429 0.13238095238095238 0.002857142857142857 0.005714285714285714
0 0.6275 0.11333333333333333 0.002142857142857143 0.0038095238095238095
0 0.6510714285714285 0.18857142857142858 0.002142857142857143 0.007619047619047619
0 0.6467857142857143 0.18857142857142858 0.002142857142857143 0.007619047619047619
0 0.6664285714285715 0.18619047619047618 0.002857142857142857 0.008571428571428572
0 0.6585714285714286 0.2057142857142857 0.002857142857142857 0.007619047619047619
0 0.6557142857142857 0.20666666666666667 0.002857142857142857 0.009523809523809525
0 0.6653571428571429 0.21761904761904763 0.002142857142857143 0.010476190476190476
0 0.6657142857142857 0.23476190476190475 0.002857142857142857 0.008571428571428572
0 0.6610714285714285 0.2342857142857143 0.002142857142857143 0.007619047619047619
0 0.6725 0.1976190476190476 0.002142857142857143 0.008571428571428572
0 0.6603571428571429 0.18428571428571427 0.002142857142857143 0.006666666666666667
0 0.6689285714285714 0.1742857142857143 0.0035714285714285713 0.0038095238095238095
0 0.6017857142857143 0.23333333333333334 0.002142857142857143 0.009523809523809525
0 0.5910714285714286 0.23238095238095238 0.005 0.011428571428571429
0 0.6771428571428572 0.2980952380952381 0.002857142857142857 0.015238095238095238
0 0.6832142857142857 0.23523809523809525 0.002142857142857143 0.005714285714285714
0 0.6932142857142857 0.22 0.002142857142857143 0.007619047619047619
0 0.7007142857142857 0.19285714285714287 0.0014285714285714286 0.006666666666666667
0 0.7125 0.34809523809523807 0.002142857142857143 0.010476190476190476
0 0.7225 0.5304761904761904 0.0035714285714285713 0.015238095238095238
0 0.7178571428571429 0.5328571428571428 0.004285714285714286 0.014285714285714285
0 0.73 0.6757142857142857 0.004285714285714286 0.021904761904761906
0 0.725 0.6752380952380952 0.004285714285714286 0.01904761904761905
0 0.7342857142857143 0.6752380952380952 0.002857142857142857 0.015238095238095238
0 0.7617857142857143 0.82 0.007857142857142858 0.03428571428571429
0 0.7489285714285714 0.7714285714285715 0.009285714285714286 0.02666666666666667
0 0.7421428571428571 0.5190476190476191 0.005714285714285714 0.02095238095238095
0 0.7589285714285714 0.12666666666666668 0.002142857142857143 0.007619047619047619
0 0.7546428571428572 0.12285714285714286 0.002142857142857143 0.007619047619047619
0 0.8717857142857143 0.1219047619047619 0.002142857142857143 0.007619047619047619
0 0.8764285714285714 0.12333333333333334 0.002857142857142857 0.006666666666666667
0 0.9092857142857143 0.13095238095238096 0.002857142857142857 0.010476190476190476
0 0.6882142857142857 0.2123809523809524 0.0035714285714285713 0.0038095238095238095
0 0.6628571428571428 0.1957142857142857 0.002857142857142857 0.004761904761904762
