0 0.20535714285714285 0.36142857142857143 0.010714285714285714 0.029523809523809525
0 0.2175 0.34476190476190477 0.010714285714285714 0.030476190476190476
0 0.10285714285714286 0.08190476190476191 0.007142857142857143 0.017142857142857144
0 0.1417857142857143 0.11571428571428571 0.009285714285714286 0.025714285714285714
0 0.14607142857142857 0.11428571428571428 0.0064285714285714285 0.02095238095238095
0 0.20035714285714284 0.09952380952380953 0.0064285714285714285 0.01619047619047619
0 0.5635714285714286 0.9776190476190476 0.011428571428571429 0.02761904761904762
0 0.5139285714285714 0.96 0.012142857142857143 0.02666666666666667
0 0.62 0.29619047619047617 0.01 0.024761904761904763
0 0.6060714285714286 0.31142857142857144 0.007857142857142858 0.022857142857142857
0 0.4160714285714286 0.48238095238095235 0.009285714285714286 0.01619047619047619
0 0.9567857142857142 0.7409523809523809 0.020714285714285713 0.01904761904761905
