0 0.605 0.491 0.014 0.03666666666666667
0 0.53225 0.30666666666666664 0.0075 0.034666666666666665
0 0.52 0.30233333333333334 0.007 0.023333333333333334
0 0.52875 0.29233333333333333 0.0035 0.024666666666666667
0 0.31275 0.2783333333333333 0.0055 0.034
0 0.51675 0.26566666666666666 0.0045 0.024666666666666667
0 0.763 0.15166666666666667 0.004 0.019333333333333334
0 0.58225 0.14666666666666667 0.0045 0.009333333333333334
0 0.58025 0.14033333333333334 0.0025 0.011333333333333334
0 0.5745 0.06766666666666667 0.002 0.007333333333333333
