0 0.6285714285714286 0.6847619047619048 0.02142857142857143 0.06666666666666667
0 0.8292857142857143 0.6385714285714286 0.012857142857142857 0.03142857142857143
0 0.04642857142857143 0.5923809523809523 0.011428571428571429 0.03619047619047619
0 0.6403571428571428 0.5214285714285715 0.002142857142857143 0.006666666666666667
0 0.6428571428571429 0.5214285714285715 0.002857142857142857 0.008571428571428572
0 0.8175 0.5480952380952381 0.0035714285714285713 0.012380952380952381
0 0.8142857142857143 0.5480952380952381 0.004285714285714286 0.006666666666666667
0 0.8367857142857142 0.5528571428571428 0.0064285714285714285 0.010476190476190476
0 0.8017857142857143 0.5442857142857143 0.0035714285714285713 0.008571428571428572
0 0.7575 0.5285714285714286 0.002142857142857143 0.007619047619047619
