0 0.26607142857142857 0.3504761904761905 0.017857142857142856 0.02095238095238095
0 0.38535714285714284 0.32095238095238093 0.007857142857142858 0.022857142857142857
0 0.3939285714285714 0.33666666666666667 0.007857142857142858 0.018095238095238095
0 0.4017857142857143 0.32095238095238093 0.009285714285714286 0.02095238095238095
0 0.41535714285714287 0.31761904761904763 0.007857142857142858 0.02
0 0.44142857142857145 0.32047619047619047 0.011428571428571429 0.021904761904761906
0 0.4475 0.3119047619047619 0.009285714285714286 0.02
0 0.4539285714285714 0.32142857142857145 0.007857142857142858 0.021904761904761906
0 0.47714285714285715 0.3038095238095238 0.011428571428571429 0.030476190476190476
0 0.4539285714285714 0.3485714285714286 0.012142857142857143 0.022857142857142857
0 0.5796428571428571 0.24476190476190476 0.009285714285714286 0.02666666666666667
0 0.5846428571428571 0.25952380952380955 0.009285714285714286 0.02
0 0.6417857142857143 0.20142857142857143 0.007857142857142858 0.02761904761904762
0 0.7175 0.21666666666666667 0.010714285714285714 0.014285714285714285
0 0.7625 0.23047619047619047 0.012142857142857143 0.02095238095238095
0 0.9185714285714286 0.14952380952380953 0.018571428571428572 0.022857142857142857
0 0.8907142857142857 0.16047619047619047 0.017142857142857144 0.021904761904761906
0 0.8182142857142857 0.20142857142857143 0.010714285714285714 0.023809523809523808
0 0.8317857142857142 0.21 0.013571428571428571 0.021904761904761906
0 0.8364285714285714 0.35285714285714287 0.01 0.021904761904761906
0 0.815 0.39571428571428574 0.012857142857142857 0.01619047619047619
0 0.7171428571428572 0.4157142857142857 0.014285714285714285 0.014285714285714285
0 0.6642857142857143 0.4633333333333333 0.011428571428571429 0.02
0 0.6478571428571429 0.5980952380952381 0.012857142857142857 0.015238095238095238
0 0.6210714285714286 0.6314285714285715 0.009285714285714286 0.01904761904761905
0 0.63 0.6252380952380953 0.01 0.010476190476190476
0 0.06535714285714286 0.5923809523809523 0.019285714285714285 0.015238095238095238
0 0.062142857142857146 0.62 0.011428571428571429 0.015238095238095238
0 0.19785714285714287 0.5723809523809524 0.017142857142857144 0.015238095238095238
0 0.3389285714285714 0.549047619047619 0.013571428571428571 0.018095238095238095
0 0.31535714285714284 0.6214285714285714 0.012142857142857143 0.012380952380952381
0 0.39785714285714285 0.61 0.011428571428571429 0.018095238095238095
0 0.30464285714285716 0.8404761904761905 0.012142857142857143 0.012380952380952381
0 0.2982142857142857 0.8861904761904762 0.016428571428571428 0.014285714285714285
0 0.38535714285714284 0.8528571428571429 0.012142857142857143 0.01619047619047619
