0 0.7614285714285715 0.6504761904761904 0.012857142857142857 0.04
0 0.6842857142857143 0.5319047619047619 0.011428571428571429 0.029523809523809525
0 0.22964285714285715 0.5166666666666667 0.010714285714285714 0.02761904761904762
0 0.19214285714285714 0.49047619047619045 0.008571428571428572 0.02666666666666667
0 0.7239285714285715 0.6185714285714285 0.005 0.03333333333333333
0 0.31535714285714284 0.48523809523809525 0.0064285714285714285 0.025714285714285714
0 0.1 0.25285714285714284 0.004285714285714286 0.012380952380952381
0 0.17285714285714285 0.4585714285714286 0.011428571428571429 0.023809523809523808
0 0.32285714285714284 0.5823809523809523 0.01 0.02761904761904762
0 0.6632142857142858 0.979047619047619 0.02214285714285714 0.03619047619047619
0 0.6435714285714286 0.49476190476190474 0.011428571428571429 0.01619047619047619
0 0.6217857142857143 0.5157142857142857 0.007857142857142858 0.014285714285714285
0 0.23785714285714285 0.3352380952380952 0.005714285714285714 0.013333333333333334
0 0.22178571428571428 0.25285714285714284 0.0035714285714285713 0.006666666666666667
0 0.24642857142857144 0.32571428571428573 0.007142857142857143 0.015238095238095238
0 0.3442857142857143 0.29 0.005714285714285714 0.008571428571428572
0 0.3385714285714286 0.29 0.002857142857142857 0.006666666666666667
0 0.44892857142857145 0.3780952380952381 0.005 0.02095238095238095
0 0.435 0.3780952380952381 0.005714285714285714 0.017142857142857144
0 0.24678571428571427 0.5009523809523809 0.010714285714285714 0.030476190476190476
0 0.24964285714285714 0.5014285714285714 0.007857142857142858 0.029523809523809525
0 0.43142857142857144 0.4642857142857143 0.007142857142857143 0.018095238095238095
0 0.4282142857142857 0.4519047619047619 0.0064285714285714285 0.018095238095238095
0 0.43392857142857144 0.44904761904761903 0.007857142857142858 0.01619047619047619
