0 0.11392857142857143 0.3314285714285714 0.012142857142857143 0.015238095238095238
0 0.05142857142857143 0.44571428571428573 0.011428571428571429 0.011428571428571429
0 0.03678571428571428 0.4595238095238095 0.012142857142857143 0.010476190476190476
0 0.029642857142857144 0.47 0.007857142857142858 0.006666666666666667
0 0.04 0.4738095238095238 0.011428571428571429 0.010476190476190476
0 0.033928571428571426 0.4780952380952381 0.012142857142857143 0.011428571428571429
0 0.6607142857142857 0.960952380952381 0.008571428571428572 0.017142857142857144
0 0.6464285714285715 0.8909523809523809 0.007142857142857143 0.012380952380952381
0 0.645 0.849047619047619 0.005714285714285714 0.012380952380952381
0 0.6507142857142857 0.8476190476190476 0.007142857142857143 0.013333333333333334
0 0.6542857142857142 0.8876190476190476 0.007142857142857143 0.009523809523809525
0 0.6521428571428571 0.9004761904761904 0.007142857142857143 0.010476190476190476
0 0.6575 0.9033333333333333 0.005 0.010476190476190476
0 0.6417857142857143 0.7780952380952381 0.0064285714285714285 0.009523809523809525
0 0.5789285714285715 0.19 0.007857142857142858 0.012380952380952381
0 0.5667857142857143 0.19333333333333333 0.0064285714285714285 0.013333333333333334
0 0.5746428571428571 0.2957142857142857 0.005 0.012380952380952381
0 0.5710714285714286 0.2895238095238095 0.005 0.011428571428571429
0 0.5596428571428571 0.2619047619047619 0.0064285714285714285 0.013333333333333334
0 0.5621428571428572 0.23952380952380953 0.004285714285714286 0.012380952380952381
0 0.5571428571428572 0.23666666666666666 0.004285714285714286 0.012380952380952381
0 0.5428571428571428 0.23 0.007142857142857143 0.01619047619047619
0 0.5535714285714286 0.21523809523809523 0.005714285714285714 0.015238095238095238
0 0.5485714285714286 0.21142857142857144 0.004285714285714286 0.013333333333333334
0 0.5557142857142857 0.19238095238095237 0.005714285714285714 0.015238095238095238
0 0.5392857142857143 0.18904761904761905 0.005714285714285714 0.014285714285714285
0 0.6039285714285715 0.36428571428571427 0.0064285714285714285 0.010476190476190476
0 0.63 0.3566666666666667 0.007142857142857143 0.010476190476190476
0 0.6107142857142858 0.3952380952380952 0.002857142857142857 0.009523809523809525
0 0.5375 0.3576190476190476 0.005 0.012380952380952381
0 0.5142857142857142 0.23285714285714285 0.005714285714285714 0.010476190476190476
0 0.5089285714285714 0.2509523809523809 0.0064285714285714285 0.014285714285714285
0 0.5225 0.23857142857142857 0.0064285714285714285 0.014285714285714285
0 0.5242857142857142 0.2338095238095238 0.005714285714285714 0.014285714285714285
0 0.5114285714285715 0.24714285714285714 0.005714285714285714 0.012380952380952381
0 0.5246428571428572 0.07285714285714286 0.0035714285714285713 0.014285714285714285
0 0.45821428571428574 0.1980952380952381 0.005 0.017142857142857144
0 0.44 0.23761904761904762 0.005714285714285714 0.012380952380952381
0 0.4417857142857143 0.22095238095238096 0.0064285714285714285 0.013333333333333334
0 0.43964285714285717 0.2338095238095238 0.005 0.010476190476190476
0 0.43607142857142855 0.2138095238095238 0.0035714285714285713 0.008571428571428572
0 0.4332142857142857 0.21761904761904763 0.0064285714285714285 0.012380952380952381
