0 0.5464285714285714 0.8747619047619047 0.014285714285714285 0.02
0 0.575 0.20952380952380953 0.004285714285714286 0.005714285714285714
0 0.45964285714285713 0.25 0.0035714285714285713 0.012380952380952381
0 0.6139285714285714 0.15904761904761905 0.002142857142857143 0.007619047619047619
0 0.5692857142857143 0.13333333333333333 0.002857142857142857 0.009523809523809525
0 0.6246428571428572 0.12476190476190477 0.002142857142857143 0.005714285714285714
0 0.5085714285714286 0.15571428571428572 0.004285714285714286 0.004761904761904762
0 0.5314285714285715 0.15428571428571428 0.002857142857142857 0.007619047619047619
0 0.5253571428571429 0.10238095238095238 0.002142857142857143 0.006666666666666667
0 0.5217857142857143 0.0980952380952381 0.002142857142857143 0.005714285714285714
0 0.9853571428571428 0.16047619047619047 0.0035714285714285713 0.006666666666666667
0 0.9685714285714285 0.15571428571428572 0.002857142857142857 0.008571428571428572
0 0.8607142857142858 0.13428571428571429 0.004285714285714286 0.007619047619047619
0 0.7542857142857143 0.16238095238095238 0.002857142857142857 0.006666666666666667
0 0.7482142857142857 0.1680952380952381 0.0035714285714285713 0.008571428571428572
0 0.7621428571428571 0.15666666666666668 0.002857142857142857 0.006666666666666667
0 0.7282142857142857 0.11714285714285715 0.002142857142857143 0.0038095238095238095
0 0.7146428571428571 0.14714285714285713 0.0035714285714285713 0.004761904761904762
0 0.8189285714285715 0.12714285714285714 0.0035714285714285713 0.008571428571428572
0 0.8621428571428571 0.11904761904761904 0.002857142857142857 0.007619047619047619
0 0.8421428571428572 0.09095238095238095 0.002857142857142857 0.006666666666666667
0 0.9510714285714286 0.22285714285714286 0.0064285714285714285 0.015238095238095238
