0 0.5882142857142857 0.3623096446700508 0.0035714285714285713 0.01649746192893401
0 0.5553571428571429 0.366751269035533 0.0035714285714285713 0.015228426395939087
0 0.39035714285714285 0.3597715736040609 0.0035714285714285713 0.011421319796954314
0 0.4575 0.3762690355329949 0.002142857142857143 0.01649746192893401
0 0.4992857142857143 0.37246192893401014 0.002857142857142857 0.013959390862944163
0 0.5292857142857142 0.37055837563451777 0.002857142857142857 0.015228426395939087
0 0.5289285714285714 0.3483502538071066 0.002142857142857143 0.01903553299492386
0 0.5414285714285715 0.34581218274111675 0.002857142857142857 0.013959390862944163
0 0.5235714285714286 0.40418781725888325 0.002857142857142857 0.011421319796954314
0 0.48464285714285715 0.4213197969543147 0.002142857142857143 0.012690355329949238
0 0.48714285714285716 0.4232233502538071 0.002857142857142857 0.013959390862944163
0 0.4903571428571429 0.4263959390862944 0.002142857142857143 0.012690355329949238
0 0.42892857142857144 0.5044416243654822 0.0035714285714285713 0.01649746192893401
0 0.5953571428571428 0.516497461928934 0.0035714285714285713 0.017766497461928935
0 0.5996428571428571 0.5190355329949239 0.0035714285714285713 0.017766497461928935
0 0.5917857142857142 0.5418781725888325 0.0035714285714285713 0.02030456852791878
0 0.5882142857142857 0.5482233502538071 0.0035714285714285713 0.017766497461928935
0 0.5760714285714286 0.5678934010152284 0.0035714285714285713 0.01903553299492386
0 0.5857142857142857 0.5939086294416244 0.004285714285714286 0.02030456852791878
0 0.5814285714285714 0.6192893401015228 0.004285714285714286 0.02030456852791878
0 0.5703571428571429 0.6135786802030457 0.005 0.024111675126903553
0 0.5660714285714286 0.6129441624365483 0.0035714285714285713 0.02030456852791878
0 0.5682142857142857 0.7322335025380711 0.0064285714285714285 0.027918781725888325
0 0.5935714285714285 0.8521573604060914 0.007142857142857143 0.02918781725888325
0 0.605 0.916243654822335 0.007142857142857143 0.03553299492385787
0 0.6135714285714285 0.9143401015228426 0.007142857142857143 0.03680203045685279
0 0.18 0.9619289340101523 0.008571428571428572 0.04060913705583756
0 0.1957142857142857 0.8705583756345178 0.007142857142857143 0.03553299492385787
0 0.26321428571428573 0.7385786802030457 0.005 0.03299492385786802
0 0.26964285714285713 0.7392131979695431 0.0064285714285714285 0.031725888324873094
0 0.355 0.6072335025380711 0.004285714285714286 0.01903553299492386
0 0.35714285714285715 0.6116751269035533 0.004285714285714286 0.02284263959390863
