0 0.7331902718168812 0.8683206106870229 0.032904148783977114 0.02099236641221374
0 0.7221030042918455 0.8463740458015268 0.03934191702432046 0.030534351145038167
0 0.6992131616595136 0.49952290076335876 0.02503576537911302 0.03721374045801527
0 0.4871244635193133 0.42509541984732824 0.020028612303290415 0.039122137404580155
0 0.4209585121602289 0.5958969465648855 0.023605150214592276 0.04103053435114504
0 0.434549356223176 0.5672709923664122 0.0178826895565093 0.039122137404580155
0 0.5497138769670958 0.3268129770992366 0.015021459227467811 0.042938931297709926
0 0.8369098712446352 0.27576335877862596 0.01430615164520744 0.02862595419847328
0 0.5937052932761088 0.3330152671755725 0.015736766809728183 0.030534351145038167
0 0.6105150214592274 0.27337786259541985 0.012160228898426323 0.042938931297709926
0 0.5600858369098712 0.1450381679389313 0.015736766809728183 0.03816793893129771
0 0.5779685264663805 0.16841603053435114 0.012875536480686695 0.035305343511450385
0 0.5758226037195995 0.14837786259541985 0.015736766809728183 0.03721374045801527
0 0.5958512160228898 0.16412213740458015 0.017167381974248927 0.04007633587786259
0 0.5232474964234621 0.125 0.01072961373390558 0.04198473282442748
0 0.5429184549356223 0.15410305343511452 0.011444921316165951 0.042938931297709926
0 0.42954220314735336 0.7452290076335878 0.019313304721030045 0.03244274809160305
0 0.43490701001430615 0.7270992366412213 0.022889842632331903 0.02480916030534351
0 0.09620886981402003 0.1803435114503817 0.016452074391988557 0.02480916030534351
0 0.4552932761087268 0.06440839694656489 0.0178826895565093 0.042938931297709926
0 0.51931330472103 0.02385496183206107 0.008583690987124463 0.03625954198473282
0 0.5354077253218884 0.013358778625954198 0.013590844062947067 0.026717557251908396
0 0.48354792560801146 0.015744274809160304 0.010014306151645207 0.03148854961832061
