0 0.8053571428571429 0.319047619047619 0.016428571428571428 0.03619047619047619
0 0.775 0.5090476190476191 0.012857142857142857 0.021904761904761906
0 0.7653571428571428 0.5204761904761904 0.012142857142857143 0.02
0 0.7735714285714286 0.539047619047619 0.012857142857142857 0.01904761904761905
0 0.7878571428571428 0.5452380952380952 0.014285714285714285 0.018095238095238095
0 0.8042857142857143 0.5395238095238095 0.017142857142857144 0.02
0 0.7892857142857143 0.5047619047619047 0.014285714285714285 0.02095238095238095
0 0.8071428571428572 0.5161904761904762 0.018571428571428572 0.022857142857142857
0 0.8467857142857143 0.5133333333333333 0.016428571428571428 0.02095238095238095
0 0.855 0.5419047619047619 0.02142857142857143 0.022857142857142857
0 0.7367857142857143 0.5895238095238096 0.016428571428571428 0.02095238095238095
0 0.7307142857142858 0.6109523809523809 0.018571428571428572 0.03142857142857143
0 0.7482142857142857 0.6471428571428571 0.019285714285714285 0.025714285714285714
0 0.8521428571428571 0.5842857142857143 0.011428571428571429 0.029523809523809525
0 0.8264285714285714 0.6085714285714285 0.022857142857142857 0.01904761904761905
0 0.8307142857142857 0.6295238095238095 0.02142857142857143 0.022857142857142857
0 0.6957142857142857 0.7552380952380953 0.02142857142857143 0.01904761904761905
0 0.8903571428571428 0.731904761904762 0.016428571428571428 0.018095238095238095
0 0.8971428571428571 0.7504761904761905 0.017142857142857144 0.01904761904761905
0 0.9246428571428571 0.7223809523809523 0.020714285714285713 0.02
0 0.9296428571428571 0.7452380952380953 0.020714285714285713 0.02
0 0.9564285714285714 0.8271428571428572 0.02 0.021904761904761906
0 0.965 0.8547619047619047 0.02142857142857143 0.021904761904761906
0 0.9282142857142858 0.8447619047619047 0.015 0.02095238095238095
0 0.9335714285714286 0.8676190476190476 0.014285714285714285 0.01904761904761905
0 0.885 0.8790476190476191 0.014285714285714285 0.024761904761904763
0 0.8571428571428571 0.878095238095238 0.017142857142857144 0.01904761904761905
0 0.8471428571428572 0.8980952380952381 0.025714285714285714 0.02095238095238095
0 0.8932142857142857 0.9371428571428572 0.02214285714285714 0.01904761904761905
0 0.9164285714285715 0.9523809523809523 0.02 0.02857142857142857
0 0.9260714285714285 0.9814285714285714 0.020714285714285713 0.029523809523809525
0 0.8817857142857143 0.9566666666666667 0.020714285714285713 0.03142857142857143
