0 0.51 0.7728571428571429 0.03 0.06380952380952382
0 0.6214285714285714 0.4361904761904762 0.014285714285714285 0.04380952380952381
0 0.5853571428571429 0.43952380952380954 0.015 0.039047619047619046
0 0.5932142857142857 0.44095238095238093 0.012142857142857143 0.0380952380952381
0 0.6592857142857143 0.4 0.012857142857142857 0.0380952380952381
0 0.7192857142857143 0.41523809523809524 0.012857142857142857 0.04
0 0.6189285714285714 0.2833333333333333 0.007857142857142858 0.021904761904761906
0 0.6421428571428571 0.17142857142857143 0.005714285714285714 0.017142857142857144
0 0.6635714285714286 0.15 0.005714285714285714 0.014285714285714285
0 0.6807142857142857 0.15285714285714286 0.005714285714285714 0.012380952380952381
0 0.7175 0.1138095238095238 0.0035714285714285713 0.010476190476190476
0 0.7196428571428571 0.09476190476190476 0.0035714285714285713 0.008571428571428572
0 0.7492857142857143 0.0680952380952381 0.002857142857142857 0.004761904761904762
0 0.7535714285714286 0.06095238095238095 0.002857142857142857 0.007619047619047619
0 0.7492857142857143 0.06333333333333334 0.002857142857142857 0.006666666666666667
0 0.7471428571428571 0.06571428571428571 0.002857142857142857 0.007619047619047619
0 0.7421428571428571 0.07714285714285714 0.002857142857142857 0.007619047619047619
0 0.745 0.07714285714285714 0.002857142857142857 0.009523809523809525
0 0.6953571428571429 0.1457142857142857 0.005 0.017142857142857144
0 0.7242857142857143 0.10047619047619048 0.004285714285714286 0.010476190476190476
0 0.7332142857142857 0.09904761904761905 0.0035714285714285713 0.011428571428571429
0 0.7314285714285714 0.09523809523809523 0.004285714285714286 0.009523809523809525
0 0.74 0.0880952380952381 0.002857142857142857 0.010476190476190476
0 0.6471428571428571 0.14476190476190476 0.004285714285714286 0.011428571428571429
0 0.47464285714285714 0.18857142857142858 0.0064285714285714285 0.015238095238095238
0 0.5039285714285714 0.1438095238095238 0.005 0.015238095238095238
0 0.4632142857142857 0.16666666666666666 0.005 0.015238095238095238
0 0.1725 0.39666666666666667 0.015 0.037142857142857144
0 0.16785714285714284 0.3904761904761905 0.017142857142857144 0.04
0 0.185 0.38571428571428573 0.015714285714285715 0.04
0 0.5089285714285714 0.1295238095238095 0.005 0.011428571428571429
0 0.5303571428571429 0.14333333333333334 0.0035714285714285713 0.018095238095238095
0 0.5335714285714286 0.14142857142857143 0.004285714285714286 0.01619047619047619
