0 0.4253653444676409 0.24628942486085342 0.0041753653444676405 0.015769944341372914
0 0.4123173277661795 0.312152133580705 0.005219206680584551 0.015769944341372914
0 0.55741127348643 0.24953617810760667 0.0041753653444676405 0.012987012987012988
0 0.5751565762004175 0.27133580705009275 0.0041753653444676405 0.012059369202226345
0 0.5897703549060542 0.3474025974025974 0.006263048016701462 0.013914656771799629
0 0.5960334029227558 0.46567717996289426 0.006263048016701462 0.014842300556586271
0 0.2784446764091858 0.9406307977736549 0.013048016701461378 0.03710575139146568
0 0.5634133611691023 0.14888682745825602 0.0026096033402922755 0.01020408163265306
0 0.5592379958246346 0.07838589981447125 0.0026096033402922755 0.008348794063079777
0 0.47964509394572025 0.006957328385899814 0.003131524008350731 0.00463821892393321
0 0.46346555323590816 0.034786641929499075 0.003131524008350731 0.012059369202226345
