0 0.7494780793319415 0.49814471243042674 0.014613778705636743 0.03339517625231911
0 0.7727035490605428 0.3070500927643785 0.007828810020876827 0.03153988868274583
0 0.7719206680584552 0.2945269016697588 0.007306889352818371 0.0287569573283859
0 0.7784446764091858 0.30936920222634506 0.010960334029227558 0.026901669758812616
0 0.5331419624217119 0.04638218923933209 0.004697286012526096 0.014842300556586271
0 0.49295407098121086 0.09322820037105752 0.004697286012526096 0.015769944341372914
0 0.49295407098121086 0.09137291280148423 0.005741127348643006 0.017625231910946195
0 0.45224425887265135 0.4007421150278293 0.008872651356993737 0.029684601113172542
0 0.4527661795407098 0.39053803339517623 0.008872651356993737 0.03153988868274583
0 0.5383611691022965 0.5927643784786641 0.006784968684759917 0.03339517625231911
0 0.5404488517745303 0.685064935064935 0.007828810020876827 0.032467532467532464
0 0.5394050104384134 0.7128942486085343 0.006784968684759917 0.032467532467532464
0 0.22938413361169102 0.9851576994434137 0.014091858037578288 0.027829313543599257
0 0.24164926931106473 0.6321892393320965 0.011482254697286013 0.03432282003710575
0 0.2434759916492693 0.5913729128014842 0.013048016701461378 0.032467532467532464
0 0.29984342379958245 0.3984230055658627 0.007828810020876827 0.03432282003710575
0 0.29436325678496866 0.3910018552875696 0.006263048016701462 0.032467532467532464
0 0.2938413361169102 0.4489795918367347 0.009394572025052192 0.02411873840445269
0 0.12760960334029228 0.7268089053803339 0.016179540709812108 0.032467532467532464
0 0.14326722338204592 0.8344155844155844 0.008872651356993737 0.015769944341372914
0 0.1448329853862213 0.5677179962894249 0.014091858037578288 0.02411873840445269
0 0.15683716075156576 0.5524118738404453 0.010960334029227558 0.038033395176252316
0 0.16544885177453028 0.5236549165120594 0.012526096033402923 0.036178107606679034
0 0.19180584551148225 0.44990723562152135 0.010960334029227558 0.03153988868274583
0 0.17197286012526097 0.42857142857142855 0.010960334029227558 0.03153988868274583
0 0.20041753653444677 0.4429499072356215 0.011482254697286013 0.032467532467532464
0 0.32150313152400833 0.2036178107606679 0.007306889352818371 0.026901669758812616
0 0.3551670146137787 0.1614100185528757 0.006784968684759917 0.016697588126159554
0 0.3713465553235908 0.174860853432282 0.005741127348643006 0.017625231910946195
0 0.33950939457202506 0.11270871985157699 0.005741127348643006 0.015769944341372914
0 0.3533402922755741 0.0287569573283859 0.003131524008350731 0.01855287569573284
0 0.3729123173277662 0.037569573283859 0.006784968684759917 0.015769944341372914
0 0.4042275574112735 0.08858998144712431 0.006784968684759917 0.015769944341372914
0 0.3937891440501044 0.09554730983302412 0.005741127348643006 0.016697588126159554
0 0.4144050104384134 0.03432282003710575 0.005219206680584551 0.016697588126159554
0 0.41492693110647183 0.03339517625231911 0.005219206680584551 0.016697588126159554
