0 0.2596428571428571 0.6771428571428572 0.027857142857142858 0.05523809523809524
0 0.15321428571428572 0.37047619047619046 0.019285714285714285 0.0419047619047619
0 0.14357142857142857 0.3661904761904762 0.02 0.039047619047619046
0 0.7725 0.37523809523809526 0.012142857142857143 0.04
0 0.29 0.22714285714285715 0.01 0.029523809523809525
0 0.28285714285714286 0.2219047619047619 0.007142857142857143 0.022857142857142857
0 0.29464285714285715 0.21523809523809523 0.007857142857142858 0.024761904761904763
0 0.4467857142857143 0.1957142857142857 0.0064285714285714285 0.02761904761904762
0 0.42964285714285716 0.20761904761904762 0.009285714285714286 0.02857142857142857
0 0.4607142857142857 0.19 0.007142857142857143 0.025714285714285714
0 0.47785714285714287 0.13666666666666666 0.007142857142857143 0.014285714285714285
0 0.4857142857142857 0.04047619047619048 0.004285714285714286 0.018095238095238095
0 0.4710714285714286 0.04238095238095238 0.005 0.01619047619047619
0 0.5171428571428571 0.1061904761904762 0.007142857142857143 0.014285714285714285
0 0.5528571428571428 0.02238095238095238 0.005714285714285714 0.014285714285714285
