0 0.65675 0.123 0.0065 0.014
0 0.55825 0.09766666666666667 0.0045 0.019333333333333334
0 0.53775 0.10233333333333333 0.0065 0.016666666666666666
0 0.524 0.09033333333333333 0.005 0.015333333333333332
0 0.50075 0.07533333333333334 0.0035 0.016
0 0.50725 0.085 0.0045 0.011333333333333334
0 0.483 0.144 0.006 0.021333333333333333
0 0.5305 0.13566666666666666 0.005 0.023333333333333334
0 0.54 0.138 0.006 0.02266666666666667
0 0.54525 0.137 0.0055 0.023333333333333334
0 0.5525 0.17666666666666667 0.006 0.025333333333333333
0 0.492 0.181 0.007 0.024666666666666667
0 0.5325 0.186 0.007 0.021333333333333333
0 0.53475 0.204 0.0075 0.014666666666666666
0 0.55625 0.23066666666666666 0.0065 0.025333333333333333
0 0.49875 0.205 0.0085 0.024666666666666667
0 0.50925 0.20233333333333334 0.0075 0.023333333333333334
0 0.53975 0.2783333333333333 0.0085 0.03266666666666666
0 0.54025 0.26866666666666666 0.0085 0.03333333333333333
0 0.554 0.2753333333333333 0.008 0.030666666666666665
0 0.56375 0.26166666666666666 0.0065 0.026
0 0.48975 0.642 0.0195 0.04666666666666667
0 0.531 0.428 0.013 0.04666666666666667
0 0.542 0.444 0.01 0.04133333333333333
0 0.555 0.44733333333333336 0.01 0.042666666666666665
0 0.60875 0.4706666666666667 0.0145 0.024
0 0.6235 0.5903333333333334 0.017 0.028666666666666667
0 0.561 0.7793333333333333 0.017 0.03866666666666667
0 0.5715 0.8193333333333334 0.017 0.04933333333333333
0 0.70025 0.9793333333333333 0.0285 0.04133333333333333
0 0.413 0.9603333333333334 0.022 0.06066666666666667
0 0.47325 0.9833333333333333 0.0255 0.03333333333333333
0 0.56925 0.14666666666666667 0.0055 0.025333333333333333
0 0.57425 0.158 0.0065 0.02666666666666667
