0 0.1725 0.6923809523809524 0.023571428571428573 0.03619047619047619
0 0.3007142857142857 0.3923809523809524 0.017142857142857144 0.02857142857142857
0 0.3385714285714286 0.4480952380952381 0.014285714285714285 0.023809523809523808
0 0.35 0.39476190476190476 0.015714285714285715 0.037142857142857144
0 0.3507142857142857 0.3514285714285714 0.015714285714285715 0.030476190476190476
0 0.3921428571428571 0.17952380952380953 0.008571428571428572 0.025714285714285714
0 0.4139285714285714 0.15666666666666668 0.009285714285714286 0.02
0 0.47964285714285715 0.15761904761904763 0.0064285714285714285 0.023809523809523808
0 0.4710714285714286 0.14857142857142858 0.007857142857142858 0.01904761904761905
0 0.46214285714285713 0.14952380952380953 0.005714285714285714 0.015238095238095238
0 0.4275 0.21142857142857144 0.007857142857142858 0.017142857142857144
0 0.44357142857142856 0.2319047619047619 0.008571428571428572 0.021904761904761906
0 0.5403571428571429 0.4176190476190476 0.007857142857142858 0.040952380952380955
0 0.5435714285714286 0.4095238095238095 0.007142857142857143 0.03619047619047619
0 0.7614285714285715 0.3638095238095238 0.011428571428571429 0.03238095238095238
0 0.8264285714285714 0.40476190476190477 0.012857142857142857 0.0419047619047619
0 0.8589285714285714 0.22238095238095237 0.010714285714285714 0.040952380952380955
0 0.7296428571428571 0.17476190476190476 0.012142857142857143 0.02761904761904762
0 0.7167857142857142 0.17857142857142858 0.007857142857142858 0.029523809523809525
0 0.7321428571428571 0.15095238095238095 0.01 0.029523809523809525
0 0.8325 0.1361904761904762 0.007857142857142858 0.02857142857142857
0 0.9242857142857143 0.12666666666666668 0.008571428571428572 0.022857142857142857
0 0.4421428571428571 0.16380952380952382 0.007142857142857143 0.02095238095238095
0 0.875 0.11190476190476191 0.008571428571428572 0.02761904761904762
0 0.8503571428571428 0.1180952380952381 0.010714285714285714 0.022857142857142857
0 0.8246428571428571 0.11761904761904762 0.007857142857142858 0.018095238095238095
0 0.7653571428571428 0.007619047619047619 0.010714285714285714 0.015238095238095238
0 0.95 0.10857142857142857 0.01 0.024761904761904763
0 0.9392857142857143 0.10904761904761905 0.007142857142857143 0.023809523809523808
0 0.9360714285714286 0.1 0.0064285714285714285 0.02857142857142857
0 0.9875 0.12 0.009285714285714286 0.030476190476190476
0 0.9942857142857143 0.10380952380952381 0.011428571428571429 0.02666666666666667
0 0.6725 0.12666666666666668 0.012142857142857143 0.013333333333333334
