0 0.42928571428571427 0.028095238095238097 0.008571428571428572 0.03142857142857143
0 0.4175 0.09761904761904762 0.009285714285714286 0.037142857142857144
0 0.6910714285714286 0.20952380952380953 0.012142857142857143 0.0380952380952381
0 0.9735714285714285 0.61 0.032857142857142856 0.054285714285714284
0 0.8132142857142857 0.6095238095238096 0.02214285714285714 0.049523809523809526
0 0.7375 0.8280952380952381 0.025 0.04666666666666667
0 0.6846428571428571 0.8147619047619048 0.023571428571428573 0.04476190476190476
0 0.8242857142857143 0.8357142857142857 0.03 0.039047619047619046
0 0.7839285714285714 0.6128571428571429 0.02642857142857143 0.04666666666666667
0 0.8367857142857142 0.5533333333333333 0.02214285714285714 0.04380952380952381
0 0.9660714285714286 0.5280952380952381 0.02642857142857143 0.04857142857142857
0 0.5932142857142857 0.5719047619047619 0.02214285714285714 0.035238095238095235
0 0.9610714285714286 0.2795238095238095 0.015 0.025714285714285714
0 0.9175 0.2652380952380952 0.019285714285714285 0.040952380952380955
0 0.9282142857142858 0.25761904761904764 0.007857142857142858 0.018095238095238095
0 0.9767857142857143 0.44095238095238093 0.03357142857142857 0.045714285714285714
0 0.9682142857142857 0.4219047619047619 0.030714285714285715 0.03619047619047619
0 0.9828571428571429 0.40476190476190477 0.015714285714285715 0.02857142857142857
0 0.7939285714285714 0.017619047619047618 0.010714285714285714 0.02761904761904762
0 0.9910714285714286 0.2619047619047619 0.017857142857142856 0.03238095238095238
