0 0.35151356993736954 0.563543599257885 0.007828810020876827 0.023191094619666047
0 0.37082463465553234 0.537569573283859 0.006784968684759917 0.02504638218923933
0 0.36769311064718163 0.512987012987013 0.008872651356993737 0.02040816326530612
0 0.6393528183716075 0.6386827458256029 0.010438413361169102 0.023191094619666047
0 0.6372651356993737 0.6298701298701299 0.009394572025052192 0.02411873840445269
0 0.6427453027139874 0.6043599257884972 0.009916492693110648 0.021335807050092765
0 0.6829331941544885 0.5867346938775511 0.009916492693110648 0.01948051948051948
0 0.9454592901878914 0.2750463821892393 0.009916492693110648 0.01948051948051948
0 0.9081419624217119 0.27736549165120594 0.010438413361169102 0.02040816326530612
0 0.8883089770354906 0.25788497217068646 0.010438413361169102 0.01855287569573284
0 0.8421189979123174 0.2527829313543599 0.009916492693110648 0.017625231910946195
0 0.8713465553235908 0.39007421150278293 0.006784968684759917 0.021335807050092765
0 0.7857515657620042 0.22448979591836735 0.007828810020876827 0.022263450834879406
0 0.6380480167014614 0.1725417439703154 0.006784968684759917 0.02040816326530612
0 0.6362212943632568 0.17207792207792208 0.006263048016701462 0.01020408163265306
0 0.41049060542797494 0.09554730983302412 0.006784968684759917 0.025974025974025976
0 0.4167536534446764 0.09322820037105752 0.005741127348643006 0.023191094619666047
