0 0.7085073068893528 0.04916512059369202 0.0036534446764091857 0.012987012987012988
0 0.7116388308977035 0.037569573283859 0.0036534446764091857 0.01020408163265306
0 0.7111169102296451 0.02829313543599258 0.0036534446764091857 0.008348794063079777
0 0.6745824634655533 0.0839517625231911 0.004697286012526096 0.015769944341372914
0 0.6677974947807933 0.0839517625231911 0.004697286012526096 0.012059369202226345
0 0.6745824634655533 0.1901669758812616 0.004697286012526096 0.016697588126159554
0 0.714509394572025 0.23098330241187384 0.005219206680584551 0.016697588126159554
0 0.7092901878914405 0.25556586270871984 0.007306889352818371 0.015769944341372914
0 0.6970250521920668 0.34137291280148424 0.005741127348643006 0.022263450834879406
0 0.7142484342379958 0.3631725417439703 0.006784968684759917 0.01948051948051948
0 0.7025052192066806 0.39239332096474955 0.007306889352818371 0.02040816326530612
0 0.7027661795407099 0.39935064935064934 0.005741127348643006 0.013914656771799629
0 0.7012004175365344 0.5825602968460112 0.007828810020876827 0.022263450834879406
0 0.5845511482254697 0.599721706864564 0.009394572025052192 0.017625231910946195
0 0.5892484342379958 0.5960111317254174 0.008350730688935281 0.01948051948051948
0 0.6122129436325678 0.6572356215213359 0.010438413361169102 0.03432282003710575
0 0.6268267223382046 0.6641929499072357 0.011482254697286013 0.029684601113172542
0 0.7092901878914405 0.7026901669758813 0.008350730688935281 0.026901669758812616
0 0.7515657620041754 0.7407235621521335 0.009394572025052192 0.039888682745825604
0 0.7218162839248434 0.9086270871985158 0.013569937369519834 0.036178107606679034
