0 0.9053571428571429 0.5428571428571428 0.013571428571428571 0.0419047619047619
0 0.9367857142857143 0.56 0.017857142857142856 0.04380952380952381
0 0.3578571428571429 0.37333333333333335 0.008571428571428572 0.01904761904761905
0 0.18857142857142858 0.4523809523809524 0.008571428571428572 0.02857142857142857
0 0.18285714285714286 0.45 0.01 0.029523809523809525
0 0.8721428571428571 0.6976190476190476 0.011428571428571429 0.05238095238095238
0 0.9160714285714285 0.4704761904761905 0.012142857142857143 0.03619047619047619
0 0.93 0.4695238095238095 0.005714285714285714 0.03428571428571429
0 0.8625 0.45476190476190476 0.007857142857142858 0.03142857142857143
0 0.6589285714285714 0.5723809523809524 0.013571428571428571 0.0380952380952381
0 0.3610714285714286 0.3404761904761905 0.007857142857142858 0.018095238095238095
0 0.3917857142857143 0.31952380952380954 0.0064285714285714285 0.01619047619047619
0 0.42392857142857143 0.30714285714285716 0.0035714285714285713 0.012380952380952381
0 0.55 0.35523809523809524 0.004285714285714286 0.011428571428571429
0 0.5646428571428571 0.35523809523809524 0.005 0.013333333333333334
0 0.6835714285714286 0.6409523809523809 0.008571428571428572 0.05523809523809524
0 0.6910714285714286 0.6366666666666667 0.005 0.05047619047619047
0 0.8703571428571428 0.45904761904761904 0.0064285714285714285 0.022857142857142857
0 0.7367857142857143 0.3523809523809524 0.0064285714285714285 0.01904761904761905
0 0.8007142857142857 0.3280952380952381 0.004285714285714286 0.01619047619047619
0 0.8035714285714286 0.3280952380952381 0.004285714285714286 0.01619047619047619
