0 0.9660714285714286 0.5425126903553299 0.0064285714285714285 0.01903553299492386
0 0.9525 0.5552030456852792 0.0064285714285714285 0.013959390862944163
0 0.9242857142857143 0.5552030456852792 0.004285714285714286 0.013959390862944163
0 0.8946428571428572 0.5704314720812182 0.0064285714285714285 0.011421319796954314
0 0.8978571428571429 0.5736040609137056 0.004285714285714286 0.015228426395939087
0 0.9135714285714286 0.5717005076142132 0.005714285714285714 0.013959390862944163
0 0.9157142857142857 0.5748730964467005 0.004285714285714286 0.015228426395939087
0 0.9314285714285714 0.5628172588832487 0.004285714285714286 0.013959390862944163
0 0.9342857142857143 0.5666243654822335 0.005714285714285714 0.011421319796954314
0 0.045 0.8724619289340102 0.005714285714285714 0.01649746192893401
0 0.07928571428571428 0.4403553299492386 0.005714285714285714 0.015228426395939087
0 0.09892857142857144 0.41243654822335024 0.002142857142857143 0.01015228426395939
0 0.11571428571428571 0.39276649746192893 0.002857142857142857 0.008883248730964468
0 0.06107142857142857 0.4796954314720812 0.0035714285714285713 0.012690355329949238
0 0.055714285714285716 0.48413705583756345 0.004285714285714286 0.011421319796954314
