0 0.1704070981210856 0.6461038961038961 0.012004175365344467 0.02504638218923933
0 0.3397703549060543 0.4049165120593692 0.008350730688935281 0.02504638218923933
0 0.3736951983298539 0.19202226345083487 0.0041753653444676405 0.0074211502782931356
0 0.4091858037578288 0.20037105751391465 0.006263048016701462 0.016697588126159554
0 0.40396659707724425 0.1549165120593692 0.006263048016701462 0.014842300556586271
0 0.3509916492693111 0.14192949907235622 0.006784968684759917 0.01855287569573284
0 0.354384133611691 0.1349721706864564 0.005219206680584551 0.01020408163265306
0 0.3598643006263048 0.11595547309833024 0.004697286012526096 0.012987012987012988
0 0.4057933194154488 0.10064935064935066 0.0036534446764091857 0.017625231910946195
0 0.4091858037578288 0.10296846011131726 0.0041753653444676405 0.01855287569573284
0 0.37552192066805845 0.10018552875695733 0.004697286012526096 0.014842300556586271
0 0.41414405010438415 0.11966604823747681 0.004697286012526096 0.016697588126159554
0 0.4136221294363257 0.10435992578849722 0.004697286012526096 0.013914656771799629
0 0.38517745302713985 0.08534322820037106 0.005219206680584551 0.014842300556586271
0 0.3786534446764092 0.0862708719851577 0.0036534446764091857 0.014842300556586271
0 0.3794363256784969 0.08302411873840446 0.0041753653444676405 0.015769944341372914
0 0.42667014613778703 0.044990723562152134 0.0036534446764091857 0.013914656771799629
0 0.4326722338204593 0.026901669758812616 0.0041753653444676405 0.011131725417439703
0 0.418580375782881 0.036641929499072357 0.0041753653444676405 0.01020408163265306
0 0.5206158663883089 0.004174397031539889 0.0036534446764091857 0.008348794063079777
0 0.5211377870563675 0.1660482374768089 0.004697286012526096 0.016697588126159554
0 0.5313152400835073 0.14656771799628943 0.003131524008350731 0.02040816326530612
0 0.5339248434237995 0.16326530612244897 0.0041753653444676405 0.02411873840445269
0 0.6338726513569938 0.922077922077922 0.009916492693110648 0.03896103896103896
0 0.622651356993737 0.7806122448979592 0.011482254697286013 0.03432282003710575
0 0.627348643006263 0.7096474953617811 0.010438413361169102 0.03710575139146568
0 0.9003131524008351 0.1767161410018553 0.005219206680584551 0.021335807050092765
0 0.8924843423799582 0.17578849721706866 0.005219206680584551 0.01948051948051948
0 0.8812630480167014 0.21846011131725418 0.0036534446764091857 0.021335807050092765
0 0.8663883089770354 0.2193877551020408 0.005219206680584551 0.015769944341372914
0 0.8710855949895616 0.21846011131725418 0.005219206680584551 0.01948051948051948
0 0.6508350730688935 0.19387755102040816 0.006263048016701462 0.022263450834879406
0 0.6495302713987474 0.07792207792207792 0.004697286012526096 0.014842300556586271
0 0.5404488517745303 0.046846011131725415 0.0036534446764091857 0.012059369202226345
