0 0.33535714285714285 0.9095238095238095 0.030714285714285715 0.10476190476190476
0 0.2375 0.7623809523809524 0.009285714285714286 0.07333333333333333
0 0.25 0.7685714285714286 0.012857142857142857 0.07238095238095238
0 0.2810714285714286 0.7052380952380952 0.017857142857142856 0.06
0 0.09178571428571429 0.7857142857142857 0.025 0.0761904761904762
0 0.06428571428571428 0.800952380952381 0.02 0.0838095238095238
0 0.3607142857142857 0.6304761904761905 0.01 0.03619047619047619
0 0.3914285714285714 0.6376190476190476 0.008571428571428572 0.035238095238095235
0 0.41 0.6052380952380952 0.007142857142857143 0.02761904761904762
0 0.42607142857142855 0.6080952380952381 0.0064285714285714285 0.021904761904761906
0 0.2667857142857143 0.6038095238095238 0.009285714285714286 0.024761904761904763
0 0.25357142857142856 0.6004761904761905 0.005714285714285714 0.02761904761904762
0 0.29 0.580952380952381 0.005714285714285714 0.022857142857142857
0 0.32571428571428573 0.5595238095238095 0.002857142857142857 0.014285714285714285
0 0.3314285714285714 0.56 0.004285714285714286 0.015238095238095238
0 0.5860714285714286 0.6080952380952381 0.0064285714285714285 0.029523809523809525
0 0.6089285714285714 0.5661904761904762 0.005 0.010476190476190476
0 0.4735714285714286 0.5557142857142857 0.004285714285714286 0.014285714285714285
0 0.4682142857142857 0.55 0.002142857142857143 0.014285714285714285
0 0.4789285714285714 0.5485714285714286 0.0035714285714285713 0.011428571428571429
0 0.4825 0.5528571428571428 0.0035714285714285713 0.014285714285714285
0 0.48714285714285716 0.5523809523809524 0.002857142857142857 0.013333333333333334
0 0.5025 0.5576190476190476 0.0035714285714285713 0.012380952380952381
0 0.5075 0.5566666666666666 0.0035714285714285713 0.012380952380952381
0 0.6335714285714286 0.530952380952381 0.002857142857142857 0.008571428571428572
0 0.6371428571428571 0.5276190476190477 0.002857142857142857 0.007619047619047619
0 0.6414285714285715 0.5252380952380953 0.0014285714285714286 0.006666666666666667
0 0.6903571428571429 0.53 0.002142857142857143 0.008571428571428572
0 0.6978571428571428 0.5371428571428571 0.002857142857142857 0.007619047619047619
0 0.6992857142857143 0.5319047619047619 0.002857142857142857 0.008571428571428572
0 0.7342857142857143 0.559047619047619 0.004285714285714286 0.013333333333333334
0 0.7825 0.5576190476190476 0.005 0.014285714285714285
0 0.8610714285714286 0.5919047619047619 0.007857142857142858 0.01619047619047619
0 0.9514285714285714 0.6447619047619048 0.012857142857142857 0.04
