0 0.37839771101573677 0.6297709923664122 0.012875536480686695 0.03816793893129771
0 0.5858369098712446 0.6708015267175572 0.012875536480686695 0.04198473282442748
0 0.5600858369098712 0.6211832061068703 0.02145922746781116 0.04580152671755725
0 0.271101573676681 0.5620229007633588 0.01430615164520744 0.03435114503816794
0 0.5600858369098712 0.5997137404580153 0.01859799713876967 0.035305343511450385
0 0.6244635193133047 0.5620229007633588 0.01859799713876967 0.03625954198473282
0 0.6047925608011445 0.38788167938931295 0.012160228898426323 0.03148854961832061
0 0.4946351931330472 0.35639312977099236 0.015021459227467811 0.033396946564885496
0 0.23819742489270387 0.11259541984732824 0.01430615164520744 0.02862595419847328
0 0.15450643776824036 0.40791984732824427 0.015736766809728183 0.03721374045801527
0 0.12839771101573677 0.4312977099236641 0.022174535050071532 0.04389312977099236
0 0.7421316165951359 0.6001908396946565 0.015021459227467811 0.04389312977099236
0 0.7474964234620887 0.6512404580152672 0.020028612303290415 0.039122137404580155
0 0.7689556509298998 0.5801526717557252 0.015736766809728183 0.04007633587786259
0 0.792203147353362 0.5472328244274809 0.015021459227467811 0.04103053435114504
0 0.8261802575107297 0.6898854961832062 0.020028612303290415 0.03244274809160305
0 0.623032904148784 0.5973282442748091 0.02145922746781116 0.026717557251908396
0 0.2600143061516452 0.40791984732824427 0.013590844062947067 0.02385496183206107
0 0.26502145922746784 0.3869274809160305 0.013590844062947067 0.020038167938931296
0 0.2625178826895565 0.39837786259541985 0.015736766809728183 0.02194656488549618
0 0.2317596566523605 0.1226145038167939 0.011444921316165951 0.01812977099236641
0 0.044349070100143065 0.6750954198473282 0.02145922746781116 0.042938931297709926
0 0.026108726752503576 0.3616412213740458 0.027896995708154508 0.04007633587786259
0 0.3719599427753934 0.5305343511450382 0.011444921316165951 0.04389312977099236
0 0.3665951359084406 0.5100190839694656 0.0178826895565093 0.029580152671755726
0 0.006080114449213162 0.5200381679389313 0.012160228898426323 0.03625954198473282
0 0.05686695278969957 0.6984732824427481 0.022174535050071532 0.04389312977099236
