0 0.29892857142857143 0.5233333333333333 0.013571428571428571 0.01619047619047619
0 0.5903571428571428 0.9823809523809524 0.015 0.014285714285714285
0 0.5089285714285714 0.7980952380952381 0.010714285714285714 0.01904761904761905
0 0.5210714285714285 0.7942857142857143 0.012142857142857143 0.022857142857142857
0 0.6164285714285714 0.5257142857142857 0.012857142857142857 0.01904761904761905
0 0.6121428571428571 0.7119047619047619 0.01 0.018095238095238095
0 0.6275 0.7676190476190476 0.009285714285714286 0.015238095238095238
0 0.8721428571428571 0.9171428571428571 0.024285714285714285 0.02857142857142857
0 0.9 0.9352380952380952 0.018571428571428572 0.015238095238095238
0 0.9167857142857143 0.9619047619047619 0.020714285714285713 0.02095238095238095
0 0.9032142857142857 0.9057142857142857 0.019285714285714285 0.02095238095238095
0 0.9246428571428571 0.7342857142857143 0.02214285714285714 0.02666666666666667
0 0.9092857142857143 0.6742857142857143 0.022857142857142857 0.015238095238095238
0 0.8753571428571428 0.7128571428571429 0.020714285714285713 0.010476190476190476
0 0.6739285714285714 0.31523809523809526 0.012142857142857143 0.017142857142857144
0 0.7457142857142857 0.17904761904761904 0.012857142857142857 0.02666666666666667
0 0.7328571428571429 0.17809523809523808 0.014285714285714285 0.022857142857142857
0 0.6185714285714285 0.06619047619047619 0.012857142857142857 0.023809523809523808
0 0.5742857142857143 0.021904761904761906 0.007142857142857143 0.030476190476190476
0 0.5553571428571429 0.08095238095238096 0.007857142857142858 0.02666666666666667
0 0.4860714285714286 0.4066666666666667 0.009285714285714286 0.015238095238095238
0 0.4925 0.39095238095238094 0.010714285714285714 0.02
0 0.4932142857142857 0.3180952380952381 0.009285714285714286 0.030476190476190476
0 0.47714285714285715 0.30714285714285716 0.008571428571428572 0.02
0 0.47785714285714287 0.30047619047619045 0.004285714285714286 0.012380952380952381
0 0.5017857142857143 0.18857142857142858 0.0064285714285714285 0.02666666666666667
0 0.5632142857142857 0.20523809523809525 0.012142857142857143 0.023809523809523808
0 0.5575 0.18714285714285714 0.0064285714285714285 0.021904761904761906
0 0.5592857142857143 0.17095238095238094 0.007142857142857143 0.023809523809523808
0 0.5735714285714286 0.15619047619047619 0.007142857142857143 0.022857142857142857
0 0.5460714285714285 0.14904761904761904 0.0064285714285714285 0.02761904761904762
0 0.5042857142857143 0.024761904761904763 0.01 0.030476190476190476
0 0.4828571428571429 0.09285714285714286 0.008571428571428572 0.025714285714285714
0 0.5489285714285714 0.05285714285714286 0.010714285714285714 0.018095238095238095
