0 0.6845 0.9783333333333334 0.046 0.043333333333333335
0 0.72025 0.9113333333333333 0.0195 0.036
0 0.82175 0.841 0.0245 0.03933333333333333
0 0.79625 0.829 0.0355 0.06466666666666666
0 0.8755 0.804 0.042 0.04933333333333333
0 0.7465 0.7583333333333333 0.042 0.054
0 0.7805 0.6456666666666667 0.022 0.035333333333333335
0 0.80175 0.633 0.0305 0.06866666666666667
0 0.656 0.6743333333333333 0.018 0.03666666666666667
0 0.63525 0.6683333333333333 0.0305 0.059333333333333335
0 0.66225 0.6373333333333333 0.0245 0.06266666666666666
0 0.588 0.24233333333333335 0.012 0.04733333333333333
0 0.57225 0.24866666666666667 0.0125 0.044
0 0.569 0.2966666666666667 0.015 0.048
0 0.55125 0.3006666666666667 0.0155 0.052
0 0.5425 0.31066666666666665 0.016 0.05466666666666667
0 0.56825 0.36533333333333334 0.0085 0.052
0 0.594 0.38 0.014 0.056
0 0.48025 0.9036666666666666 0.0245 0.06733333333333333
0 0.5225 0.6596666666666666 0.017 0.06333333333333334
0 0.47675 0.721 0.0255 0.056666666666666664
0 0.535 0.47433333333333333 0.018 0.058
0 0.53225 0.44 0.0185 0.04933333333333333
0 0.516 0.428 0.013 0.056
0 0.4685 0.4146666666666667 0.015 0.052
0 0.497 0.4066666666666667 0.016 0.052
0 0.5085 0.37633333333333335 0.013 0.05
0 0.57025 0.069 0.0095 0.03266666666666666
0 0.5275 0.06566666666666666 0.008 0.034
0 0.4975 0.09566666666666666 0.01 0.034
0 0.49675 0.068 0.0065 0.032
0 0.41925 0.09433333333333334 0.0055 0.027333333333333334
0 0.446 0.172 0.013 0.04133333333333333
0 0.43 0.16466666666666666 0.01 0.03866666666666667
0 0.43725 0.158 0.0125 0.044
0 0.3195 0.060333333333333336 0.008 0.03133333333333333
0 0.30875 0.06633333333333333 0.0115 0.03266666666666666
0 0.36325 0.07233333333333333 0.0075 0.020666666666666667
0 0.3695 0.06433333333333334 0.008 0.026
0 0.33725 0.07533333333333334 0.0095 0.032
0 0.33475 0.10866666666666666 0.0115 0.03333333333333333
0 0.31975 0.088 0.0125 0.03333333333333333
0 0.31225 0.10166666666666667 0.0125 0.03133333333333333
0 0.24 0.14633333333333334 0.013 0.024666666666666667
0 0.18125 0.219 0.0105 0.038
0 0.1645 0.22366666666666668 0.014 0.04733333333333333
0 0.1505 0.21733333333333332 0.02 0.04533333333333334
0 0.11625 0.261 0.0195 0.048666666666666664
0 0.07375 0.25666666666666665 0.0205 0.04666666666666667
0 0.05875 0.2713333333333333 0.0265 0.04666666666666667
0 0.06225 0.26033333333333336 0.0175 0.026
0 0.01525 0.35833333333333334 0.0305 0.038
0 0.76225 0.899 0.0335 0.056666666666666664
0 0.0585 0.8886666666666667 0.064 0.04133333333333333
0 0.17725 0.8756666666666667 0.0425 0.06066666666666667
0 0.2215 0.787 0.046 0.051333333333333335
0 0.084 0.7806666666666666 0.05 0.05333333333333334
0 0.24925 0.7143333333333334 0.0325 0.058
0 0.32525 0.7003333333333334 0.0315 0.06466666666666666
0 0.30675 0.6633333333333333 0.0265 0.06533333333333333
0 0.2315 0.636 0.032 0.05733333333333333
0 0.3315 0.5056666666666667 0.021 0.05266666666666667
0 0.309 0.51 0.031 0.05733333333333333
0 0.2815 0.49933333333333335 0.027 0.06133333333333333
0 0.244 0.5046666666666667 0.026 0.06
0 0.148 0.471 0.024 0.058
0 0.1685 0.43766666666666665 0.026 0.04466666666666667
0 0.14325 0.46166666666666667 0.0215 0.03266666666666666
0 0.0225 0.755 0.045 0.05266666666666667
0 0.058 0.725 0.047 0.058
0 0.0895 0.7033333333333334 0.047 0.056
0 0.0465 0.664 0.05 0.06133333333333333
