0 0.42175 0.15933333333333333 0.0095 0.028
0 0.28975 0.377 0.0135 0.020666666666666667
0 0.29325 0.42433333333333334 0.0145 0.028666666666666667
0 0.24875 0.5246666666666666 0.0165 0.029333333333333333
0 0.14375 0.5183333333333333 0.0185 0.03266666666666666
0 0.37325 0.5456666666666666 0.0155 0.023333333333333334
0 0.431 0.5793333333333334 0.012 0.032
0 0.42725 0.5603333333333333 0.0135 0.027333333333333334
0 0.46425 0.5606666666666666 0.0085 0.016
0 0.437 0.5326666666666666 0.011 0.032
0 0.449 0.521 0.007 0.019333333333333334
0 0.393 0.5353333333333333 0.014 0.03333333333333333
0 0.39525 0.503 0.0105 0.028666666666666667
0 0.41975 0.5313333333333333 0.0055 0.012
0 0.441 0.5193333333333333 0.011 0.032
0 0.42525 0.4726666666666667 0.0125 0.024
0 0.62275 0.5056666666666667 0.0065 0.018
0 0.6225 0.481 0.011 0.03266666666666666
0 0.60825 0.6523333333333333 0.0175 0.026
0 0.58825 0.6793333333333333 0.0155 0.025333333333333333
0 0.54975 0.684 0.0155 0.050666666666666665
0 0.07475 0.9683333333333334 0.0335 0.04066666666666666
0 0.538 0.8186666666666667 0.012 0.028
0 0.575 0.8013333333333333 0.014 0.030666666666666665
0 0.5685 0.7613333333333333 0.02 0.02666666666666667
0 0.58325 0.8416666666666667 0.0205 0.03666666666666667
0 0.8895 0.985 0.027 0.03
0 0.94875 0.991 0.0195 0.018
