0 0.27071428571428574 0.13476190476190475 0.02 0.029523809523809525
0 0.1125 0.660952380952381 0.029285714285714286 0.02666666666666667
0 0.14892857142857144 0.6847619047619048 0.025 0.02666666666666667
0 0.15607142857142858 0.7066666666666667 0.02642857142857143 0.024761904761904763
0 0.022857142857142857 0.9142857142857143 0.037142857142857144 0.02666666666666667
0 0.01892857142857143 0.9457142857142857 0.03785714285714286 0.03428571428571429
0 0.9167857142857143 0.5114285714285715 0.023571428571428573 0.024761904761904763
0 0.9428571428571428 0.1880952380952381 0.022857142857142857 0.037142857142857144
0 0.8067857142857143 0.12761904761904763 0.017857142857142856 0.030476190476190476
0 0.8110714285714286 0.17333333333333334 0.016428571428571428 0.03428571428571429
0 0.7857142857142857 0.1895238095238095 0.018571428571428572 0.02857142857142857
0 0.7660714285714286 0.12476190476190477 0.013571428571428571 0.0380952380952381
0 0.6460714285714285 0.5 0.023571428571428573 0.01904761904761905
0 0.5246428571428572 0.19523809523809524 0.013571428571428571 0.02666666666666667
0 0.5332142857142858 0.20714285714285716 0.015 0.023809523809523808
0 0.5028571428571429 0.3219047619047619 0.014285714285714285 0.02857142857142857
0 0.4975 0.33095238095238094 0.016428571428571428 0.018095238095238095
0 0.3582142857142857 0.49 0.023571428571428573 0.012380952380952381
0 0.36464285714285716 0.5004761904761905 0.02214285714285714 0.018095238095238095
0 0.3475 0.48238095238095235 0.013571428571428571 0.018095238095238095
0 0.3357142857142857 0.46 0.017142857142857144 0.02666666666666667
0 0.28285714285714286 0.46285714285714286 0.018571428571428572 0.02666666666666667
0 0.4 0.47904761904761906 0.015714285714285715 0.03238095238095238
0 0.39785714285714285 0.5280952380952381 0.014285714285714285 0.023809523809523808
0 0.45714285714285713 0.5523809523809524 0.015714285714285715 0.02095238095238095
0 0.49642857142857144 0.6290476190476191 0.012857142857142857 0.023809523809523808
0 0.5246428571428572 0.589047619047619 0.013571428571428571 0.021904761904761906
0 0.35964285714285715 0.41095238095238096 0.019285714285714285 0.02761904761904762
0 0.47785714285714287 0.44047619047619047 0.012857142857142857 0.02761904761904762
0 0.43964285714285717 0.42952380952380953 0.023571428571428573 0.03619047619047619
0 0.38571428571428573 0.35523809523809524 0.017142857142857144 0.022857142857142857
0 0.46785714285714286 0.3676190476190476 0.017142857142857144 0.024761904761904763
0 0.4257142857142857 0.31476190476190474 0.015714285714285715 0.03142857142857143
0 0.4942857142857143 0.3547619047619048 0.01 0.03142857142857143
0 0.4925 0.3352380952380952 0.013571428571428571 0.024761904761904763
0 0.4514285714285714 0.2571428571428571 0.018571428571428572 0.03238095238095238
0 0.48678571428571427 0.21571428571428572 0.012142857142857143 0.029523809523809525
0 0.5382142857142858 0.2652380952380952 0.013571428571428571 0.029523809523809525
0 0.5907142857142857 0.31285714285714283 0.011428571428571429 0.021904761904761906
0 0.5682142857142857 0.3647619047619048 0.009285714285714286 0.030476190476190476
0 0.6139285714285714 0.42523809523809525 0.015 0.03142857142857143
0 0.6096428571428572 0.49 0.015 0.029523809523809525
0 0.5539285714285714 0.5395238095238095 0.015 0.029523809523809525
0 0.585 0.6238095238095238 0.014285714285714285 0.02095238095238095
0 0.6453571428571429 0.3657142857142857 0.010714285714285714 0.024761904761904763
0 0.6396428571428572 0.29714285714285715 0.013571428571428571 0.024761904761904763
0 0.48392857142857143 0.6190476190476191 0.013571428571428571 0.017142857142857144
