0 0.141 0.8683333333333333 0.025 0.054
0 0.1185 0.894 0.023 0.05733333333333333
0 0.076 0.8773333333333333 0.025 0.05733333333333333
0 0.03675 0.8456666666666667 0.0295 0.054
0 0.28825 0.6476666666666666 0.0125 0.03933333333333333
0 0.19775 0.58 0.0175 0.04
0 0.37875 0.588 0.0085 0.03333333333333333
0 0.39225 0.5823333333333334 0.0125 0.03666666666666667
0 0.3935 0.629 0.009 0.043333333333333335
0 0.481 0.5393333333333333 0.007 0.036
0 0.48725 0.5616666666666666 0.0085 0.03666666666666667
0 0.49575 0.5716666666666667 0.0055 0.020666666666666667
0 0.27325 0.4533333333333333 0.0115 0.028
0 0.652 0.31066666666666665 0.027 0.016
0 0.769 0.31833333333333336 0.03 0.015333333333333332
0 0.72125 0.28633333333333333 0.0185 0.011333333333333334
0 0.7305 0.2896666666666667 0.018 0.008666666666666666
0 0.715 0.302 0.025 0.012
0 0.7035 0.2783333333333333 0.016 0.011333333333333334
0 0.55575 0.33466666666666667 0.0345 0.02
0 0.647 0.379 0.008 0.024666666666666667
