0 0.26975 0.7776666666666666 0.0185 0.051333333333333335
0 0.30925 0.54 0.0115 0.042666666666666665
0 0.37275 0.222 0.0055 0.018666666666666668
0 0.37125 0.21 0.0055 0.016
0 0.38675 0.16366666666666665 0.0055 0.012666666666666666
0 0.3835 0.13866666666666666 0.005 0.017333333333333333
0 0.394 0.13933333333333334 0.005 0.016
0 0.40475 0.13733333333333334 0.0045 0.016
0 0.3965 0.08966666666666667 0.003 0.012666666666666666
0 0.40225 0.08866666666666667 0.0045 0.014666666666666666
0 0.39825 0.078 0.0035 0.013333333333333334
0 0.40425 0.078 0.0035 0.013333333333333334
0 0.33525 0.07233333333333333 0.0025 0.014
0 0.338 0.07233333333333333 0.003 0.014
0 0.40225 0.027666666666666666 0.0035 0.008666666666666666
0 0.4155 0.019 0.003 0.007333333333333333
0 0.5195 0.010666666666666666 0.003 0.010666666666666666
0 0.5315 0.009333333333333334 0.003 0.004
0 0.706 0.414 0.012 0.025333333333333333
0 0.7495 0.4136666666666667 0.013 0.028666666666666667
