0 0.3025 0.8908629441624365 0.010714285714285714 0.02284263959390863
0 0.32535714285714284 0.899746192893401 0.009285714285714286 0.030456852791878174
0 0.5439285714285714 0.9168781725888325 0.007857142857142858 0.031725888324873094
0 0.8153571428571429 0.7455583756345178 0.009285714285714286 0.0266497461928934
0 0.8242857142857143 0.751269035532995 0.011428571428571429 0.030456852791878174
0 0.6007142857142858 0.03362944162436548 0.004285714285714286 0.01649746192893401
0 0.7928571428571428 0.16687817258883247 0.005714285714285714 0.01903553299492386
0 0.795 0.17576142131979697 0.005714285714285714 0.024111675126903553
0 0.7964285714285714 0.16878172588832488 0.005714285714285714 0.02284263959390863
0 0.8042857142857143 0.16307106598984772 0.005714285714285714 0.021573604060913704
0 0.8060714285714285 0.16751269035532995 0.005 0.02030456852791878
0 0.8128571428571428 0.12563451776649745 0.004285714285714286 0.02284263959390863
0 0.8196428571428571 0.13007614213197968 0.0064285714285714285 0.021573604060913704
0 0.8364285714285714 0.08946700507614214 0.004285714285714286 0.01649746192893401
0 0.8353571428571429 0.08248730964467005 0.0064285714285714285 0.02030456852791878
0 0.9142857142857143 0.07106598984771574 0.007142857142857143 0.017766497461928935
0 0.3775 0.06472081218274112 0.005 0.02030456852791878
