0 0.1682142857142857 0.8152380952380952 0.02642857142857143 0.01904761904761905
0 0.36392857142857143 0.8128571428571428 0.017857142857142856 0.02
0 0.7310714285714286 0.6552380952380953 0.019285714285714285 0.015238095238095238
0 0.725 0.6428571428571429 0.018571428571428572 0.02095238095238095
0 0.71 0.6357142857142857 0.014285714285714285 0.018095238095238095
0 0.5875 0.5171428571428571 0.013571428571428571 0.024761904761904763
0 0.5189285714285714 0.5385714285714286 0.009285714285714286 0.02
0 0.6296428571428572 0.43476190476190474 0.013571428571428571 0.021904761904761906
0 0.6710714285714285 0.4361904761904762 0.015 0.01904761904761905
0 0.5814285714285714 0.30095238095238097 0.01 0.022857142857142857
0 0.6046428571428571 0.31 0.010714285714285714 0.025714285714285714
0 0.6053571428571428 0.36714285714285716 0.010714285714285714 0.023809523809523808
0 0.6025 0.32857142857142857 0.015 0.022857142857142857
0 0.6317857142857143 0.4061904761904762 0.015 0.021904761904761906
0 0.6932142857142857 0.3952380952380952 0.016428571428571428 0.01904761904761905
0 0.7389285714285714 0.3580952380952381 0.013571428571428571 0.01904761904761905
0 0.7285714285714285 0.35095238095238096 0.018571428571428572 0.023809523809523808
0 0.7125 0.3485714285714286 0.015 0.022857142857142857
0 0.6567857142857143 0.4180952380952381 0.016428571428571428 0.022857142857142857
0 0.6517857142857143 0.43952380952380954 0.019285714285714285 0.02761904761904762
0 0.5621428571428572 0.32285714285714284 0.011428571428571429 0.02857142857142857
0 0.4575 0.4247619047619048 0.012142857142857143 0.022857142857142857
0 0.5128571428571429 0.43952380952380954 0.011428571428571429 0.018095238095238095
0 0.5289285714285714 0.4719047619047619 0.012142857142857143 0.02
0 0.5364285714285715 0.46904761904761905 0.005714285714285714 0.014285714285714285
0 0.5210714285714285 0.4523809523809524 0.015 0.02095238095238095
0 0.8885714285714286 0.9771428571428571 0.018571428571428572 0.02095238095238095
0 0.9289285714285714 0.9542857142857143 0.02214285714285714 0.02857142857142857
