0 0.3735 0.494 0.004 0.017333333333333333
0 0.368 0.49966666666666665 0.004 0.011333333333333334
0 0.76025 0.436 0.0045 0.014666666666666666
0 0.7525 0.43833333333333335 0.004 0.015333333333333332
0 0.736 0.3873333333333333 0.003 0.010666666666666666
0 0.70525 0.427 0.0035 0.014
0 0.7125 0.42033333333333334 0.003 0.012666666666666666
0 0.7175 0.42533333333333334 0.003 0.014666666666666666
0 0.71975 0.437 0.0055 0.011333333333333334
0 0.8525 0.431 0.004 0.015333333333333332
0 0.90725 0.43166666666666664 0.0035 0.012666666666666666
0 0.92525 0.41133333333333333 0.0045 0.010666666666666666
0 0.93075 0.4116666666666667 0.0045 0.011333333333333334
0 0.9165 0.41333333333333333 0.005 0.009333333333333334
0 0.96 0.424 0.006 0.012
0 0.96625 0.4256666666666667 0.0045 0.01
0 0.9855 0.424 0.005 0.013333333333333334
0 0.97175 0.417 0.0045 0.01
0 0.9815 0.41133333333333333 0.004 0.012
0 0.9965 0.4216666666666667 0.005 0.011333333333333334
0 0.7205 0.42333333333333334 0.004 0.010666666666666666
0 0.713 0.429 0.006 0.008666666666666666
0 0.66675 0.372 0.0025 0.009333333333333334
0 0.67275 0.37166666666666665 0.0025 0.01
0 0.6755 0.37333333333333335 0.002 0.009333333333333334
0 0.65525 0.36566666666666664 0.0025 0.01
0 0.681 0.374 0.002 0.008
0 0.47725 0.37833333333333335 0.0025 0.007333333333333333
0 0.541 0.3883333333333333 0.003 0.006
0 0.53175 0.38966666666666666 0.0035 0.004666666666666667
0 0.51375 0.38433333333333336 0.0025 0.006
0 0.53225 0.387 0.0035 0.006
