0 0.11714285714285715 0.9047619047619048 0.027142857142857142 0.03428571428571429
0 0.0032142857142857142 0.42333333333333334 0.0064285714285714285 0.012380952380952381
0 0.012857142857142857 0.41904761904761906 0.014285714285714285 0.017142857142857144
0 0.26571428571428574 0.6971428571428572 0.012857142857142857 0.02095238095238095
0 0.24142857142857144 0.7085714285714285 0.01 0.017142857142857144
0 0.3414285714285714 0.5128571428571429 0.01 0.02761904761904762
0 0.29964285714285716 0.580952380952381 0.007857142857142858 0.022857142857142857
0 0.5653571428571429 0.42904761904761907 0.009285714285714286 0.021904761904761906
0 0.6632142857142858 0.4642857142857143 0.007857142857142858 0.02761904761904762
0 0.5275 0.45095238095238094 0.007857142857142858 0.021904761904761906
0 0.5221428571428571 0.44904761904761903 0.005714285714285714 0.023809523809523808
0 0.5289285714285714 0.49666666666666665 0.0064285714285714285 0.023809523809523808
0 0.525 0.49142857142857144 0.007142857142857143 0.022857142857142857
0 0.5146428571428572 0.4642857142857143 0.010714285714285714 0.02
0 0.5535714285714286 0.42238095238095236 0.005714285714285714 0.023809523809523808
0 0.5475 0.42333333333333334 0.007857142857142858 0.025714285714285714
0 0.4342857142857143 0.4704761904761905 0.007142857142857143 0.022857142857142857
0 0.43607142857142855 0.4614285714285714 0.007857142857142858 0.01619047619047619
0 0.8107142857142857 0.4204761904761905 0.007142857142857143 0.014285714285714285
0 0.8242857142857143 0.4228571428571429 0.005714285714285714 0.011428571428571429
