0 0.8921428571428571 0.26586294416243655 0.005714285714285714 0.021573604060913704
0 0.8975 0.26015228426395937 0.0064285714285714285 0.015228426395939087
0 0.7503571428571428 0.08185279187817258 0.0035714285714285713 0.01649746192893401
0 0.7528571428571429 0.0799492385786802 0.004285714285714286 0.017766497461928935
0 0.7664285714285715 0.12880710659898478 0.004285714285714286 0.021573604060913704
0 0.5710714285714286 0.012055837563451776 0.0064285714285714285 0.01649746192893401
0 0.3867857142857143 0.023477157360406092 0.0035714285714285713 0.01649746192893401
0 0.39464285714285713 0.015228426395939087 0.0035714285714285713 0.015228426395939087
0 0.3975 0.014593908629441625 0.0035714285714285713 0.01649746192893401
0 0.4007142857142857 0.0133248730964467 0.002857142857142857 0.01903553299492386
0 0.4042857142857143 0.008883248730964468 0.004285714285714286 0.017766497461928935
0 0.3742857142857143 0.03553299492385787 0.002857142857142857 0.017766497461928935
0 0.38285714285714284 0.02030456852791878 0.004285714285714286 0.017766497461928935
0 0.36857142857142855 0.030456852791878174 0.004285714285714286 0.017766497461928935
0 0.2832142857142857 0.12119289340101523 0.0064285714285714285 0.01903553299492386
0 0.16464285714285715 0.2626903553299492 0.0064285714285714285 0.02284263959390863
