0 0.5332142857142858 0.6623809523809524 0.029285714285714286 0.06380952380952382
0 0.5810714285714286 0.6414285714285715 0.035 0.06380952380952382
0 0.5110714285714286 0.6052380952380952 0.023571428571428573 0.058095238095238096
0 0.5389285714285714 0.5828571428571429 0.023571428571428573 0.05904761904761905
0 0.47928571428571426 0.5438095238095239 0.02857142857142857 0.045714285714285714
0 0.4932142857142857 0.5414285714285715 0.023571428571428573 0.054285714285714284
0 0.4592857142857143 0.4857142857142857 0.03 0.05714285714285714
0 0.4282142857142857 0.5004761904761905 0.025 0.05047619047619047
0 0.4085714285714286 0.46476190476190476 0.02142857142857143 0.047619047619047616
0 0.43642857142857144 0.4504761904761905 0.018571428571428572 0.047619047619047616
0 0.3914285714285714 0.44142857142857145 0.018571428571428572 0.04857142857142857
0 0.415 0.42857142857142855 0.02142857142857143 0.049523809523809526
0 0.3657142857142857 0.4147619047619048 0.02 0.054285714285714284
0 0.3867857142857143 0.37 0.019285714285714285 0.039047619047619046
0 0.4010714285714286 0.3980952380952381 0.02214285714285714 0.047619047619047616
0 0.35285714285714287 0.3780952380952381 0.022857142857142857 0.04
0 0.6053571428571428 0.49952380952380954 0.017857142857142856 0.035238095238095235
0 0.7942857142857143 0.6247619047619047 0.05714285714285714 0.06285714285714286
0 0.6403571428571428 0.49714285714285716 0.016428571428571428 0.04
0 0.64 0.5128571428571429 0.018571428571428572 0.037142857142857144
0 0.6317857142857143 0.5323809523809524 0.017857142857142856 0.05714285714285714
0 0.6210714285714286 0.5342857142857143 0.010714285714285714 0.03428571428571429
0 0.24 0.24952380952380954 0.017142857142857144 0.0380952380952381
0 0.17714285714285713 0.20285714285714285 0.015714285714285715 0.022857142857142857
0 0.6928571428571428 0.05238095238095238 0.007142857142857143 0.01904761904761905
0 0.7417857142857143 0.06666666666666667 0.007857142857142858 0.02666666666666667
