0 0.07678571428571429 0.24523809523809523 0.019285714285714285 0.037142857142857144
0 0.04071428571428572 0.24 0.03571428571428571 0.0419047619047619
0 0.26357142857142857 0.17904761904761904 0.025714285714285714 0.03619047619047619
0 0.20714285714285716 0.13142857142857142 0.027142857142857142 0.0419047619047619
0 0.24107142857142858 0.10857142857142857 0.025 0.047619047619047616
0 0.4117857142857143 0.14952380952380953 0.015 0.03619047619047619
0 0.4392857142857143 0.15476190476190477 0.017142857142857144 0.037142857142857144
0 0.8439285714285715 0.7719047619047619 0.03357142857142857 0.021904761904761906
0 0.8310714285714286 0.7442857142857143 0.016428571428571428 0.029523809523809525
0 0.8028571428571428 0.7295238095238096 0.017142857142857144 0.022857142857142857
0 0.7657142857142857 0.690952380952381 0.02142857142857143 0.029523809523809525
0 0.8414285714285714 0.7257142857142858 0.017142857142857144 0.02857142857142857
0 0.8107142857142857 0.7204761904761905 0.014285714285714285 0.023809523809523808
0 0.8860714285714286 0.64 0.017857142857142856 0.022857142857142857
0 0.835 0.5485714285714286 0.017142857142857144 0.02095238095238095
0 0.5239285714285714 0.2357142857142857 0.012142857142857143 0.02761904761904762
0 0.5067857142857143 0.23095238095238096 0.013571428571428571 0.029523809523809525
0 0.4953571428571429 0.1680952380952381 0.010714285714285714 0.03333333333333333
0 0.4953571428571429 0.14238095238095239 0.007857142857142858 0.03333333333333333
0 0.4828571428571429 0.15285714285714286 0.008571428571428572 0.03333333333333333
0 0.42928571428571427 0.07428571428571429 0.014285714285714285 0.030476190476190476
0 0.4135714285714286 0.06428571428571428 0.011428571428571429 0.03142857142857143
0 0.3742857142857143 0.07809523809523809 0.011428571428571429 0.0380952380952381
0 0.3692857142857143 0.051904761904761905 0.01 0.035238095238095235
0 0.3525 0.04476190476190476 0.013571428571428571 0.03619047619047619
0 0.7189285714285715 0.64 0.017857142857142856 0.03428571428571429
0 0.6839285714285714 0.5695238095238095 0.013571428571428571 0.02857142857142857
