0 0.29175 0.6626666666666666 0.0215 0.02
0 0.48325 0.892 0.0135 0.02266666666666667
0 0.6205 0.8973333333333333 0.017 0.02266666666666667
0 0.608 0.7383333333333333 0.015 0.03
0 0.55425 0.6943333333333334 0.0155 0.022
0 0.35325 0.5373333333333333 0.0115 0.024
0 0.383 0.488 0.011 0.016
0 0.37425 0.4663333333333333 0.0095 0.026
0 0.462 0.4096666666666667 0.009 0.027333333333333334
0 0.601 0.396 0.01 0.030666666666666665
0 0.6385 0.44233333333333336 0.016 0.03
0 0.84675 0.4736666666666667 0.0215 0.026
0 0.74375 0.48966666666666664 0.0145 0.023333333333333334
0 0.74225 0.2833333333333333 0.0105 0.02266666666666667
0 0.79525 0.254 0.0135 0.032
0 0.81675 0.27366666666666667 0.0125 0.023333333333333334
0 0.83175 0.27266666666666667 0.0135 0.024
0 0.856 0.27266666666666667 0.011 0.028
0 0.87325 0.271 0.0085 0.012666666666666666
0 0.87275 0.2713333333333333 0.0135 0.02666666666666667
0 0.9515 0.31333333333333335 0.018 0.024
0 0.958 0.31933333333333336 0.016 0.025333333333333333
0 0.58725 0.29233333333333333 0.0095 0.03
0 0.47025 0.252 0.0075 0.028
0 0.407 0.218 0.007 0.025333333333333333
0 0.41225 0.214 0.0065 0.010666666666666666
0 0.44075 0.204 0.0065 0.025333333333333333
0 0.4395 0.19766666666666666 0.014 0.027333333333333334
0 0.43675 0.193 0.0085 0.03
0 0.46075 0.136 0.0075 0.029333333333333333
0 0.44725 0.13166666666666665 0.0085 0.03
0 0.44725 0.109 0.0085 0.027333333333333334
0 0.506 0.168 0.009 0.016
0 0.5065 0.15933333333333333 0.009 0.021333333333333333
