0 0.9653571428571428 0.5203045685279187 0.010714285714285714 0.02284263959390863
0 0.9567857142857142 0.5107868020304569 0.007857142857142858 0.01903553299492386
0 0.9457142857142857 0.4803299492385787 0.01 0.031725888324873094
0 0.9553571428571429 0.4784263959390863 0.010714285714285714 0.03553299492385787
0 0.9153571428571429 0.45241116751269034 0.010714285714285714 0.0266497461928934
0 0.9092857142857143 0.42956852791878175 0.01 0.02918781725888325
0 0.9139285714285714 0.43210659898477155 0.007857142857142858 0.0266497461928934
0 0.8985714285714286 0.4130710659898477 0.007142857142857143 0.021573604060913704
0 0.875 0.4118020304568528 0.008571428571428572 0.024111675126903553
0 0.8010714285714285 0.32550761421319796 0.009285714285714286 0.021573604060913704
0 0.7960714285714285 0.31852791878172587 0.007857142857142858 0.02284263959390863
0 0.7410714285714286 0.23857868020304568 0.0064285714285714285 0.027918781725888325
0 0.6467857142857143 0.09581218274111675 0.0064285714285714285 0.024111675126903553
0 0.6410714285714286 0.09390862944162437 0.005 0.027918781725888325
0 0.6353571428571428 0.09961928934010152 0.005 0.013959390862944163
0 0.6160714285714286 0.09581218274111675 0.005 0.024111675126903553
0 0.5714285714285714 0.017766497461928935 0.012857142857142857 0.027918781725888325
0 0.5646428571428571 0.01015228426395939 0.005 0.02030456852791878
0 0.5296428571428572 0.01903553299492386 0.005 0.02030456852791878
0 0.5371428571428571 0.017766497461928935 0.004285714285714286 0.02284263959390863
0 0.5425 0.018401015228426396 0.005 0.024111675126903553
0 0.5489285714285714 0.015228426395939087 0.005 0.025380710659898477
