0 0.2982142857142857 0.9823809523809524 0.03214285714285714 0.025714285714285714
0 0.2985714285714286 0.99 0.03571428571428571 0.02
0 0.7542857142857143 0.3304761904761905 0.03 0.0419047619047619
0 0.7317857142857143 0.20714285714285716 0.02214285714285714 0.03333333333333333
0 0.5746428571428571 0.36047619047619045 0.015 0.021904761904761906
0 0.44142857142857145 0.5033333333333333 0.011428571428571429 0.012380952380952381
0 0.4607142857142857 0.3680952380952381 0.004285714285714286 0.008571428571428572
0 0.4589285714285714 0.36857142857142855 0.0035714285714285713 0.007619047619047619
0 0.4567857142857143 0.36904761904761907 0.0035714285714285713 0.010476190476190476
0 0.4060714285714286 0.35095238095238096 0.0035714285714285713 0.004761904761904762
