0 0.8375 0.7714285714285715 0.02642857142857143 0.06666666666666667
0 0.11321428571428571 0.20761904761904762 0.017857142857142856 0.030476190476190476
0 0.09607142857142857 0.21 0.015 0.03142857142857143
0 0.13 0.20142857142857143 0.008571428571428572 0.021904761904761906
0 0.13214285714285715 0.36666666666666664 0.012857142857142857 0.02666666666666667
0 0.3514285714285714 0.1976190476190476 0.011428571428571429 0.018095238095238095
0 0.34 0.21857142857142858 0.012857142857142857 0.023809523809523808
0 0.3489285714285714 0.2438095238095238 0.013571428571428571 0.030476190476190476
0 0.40464285714285714 0.1838095238095238 0.010714285714285714 0.03428571428571429
0 0.3742857142857143 0.23047619047619047 0.011428571428571429 0.03238095238095238
0 0.3992857142857143 0.23809523809523808 0.01 0.03619047619047619
0 0.38821428571428573 0.22666666666666666 0.009285714285714286 0.030476190476190476
0 0.4042857142857143 0.2195238095238095 0.01 0.035238095238095235
0 0.41285714285714287 0.21571428571428572 0.008571428571428572 0.03142857142857143
0 0.38142857142857145 0.21333333333333335 0.01 0.03428571428571429
0 0.5382142857142858 0.10523809523809524 0.0064285714285714285 0.02761904761904762
0 0.885 0.12476190476190477 0.008571428571428572 0.022857142857142857
0 0.8978571428571429 0.08142857142857143 0.005714285714285714 0.01619047619047619
0 0.8996428571428572 0.23047619047619047 0.012142857142857143 0.030476190476190476
0 0.8860714285714286 0.20952380952380953 0.007857142857142858 0.024761904761904763
0 0.8857142857142857 0.18 0.007142857142857143 0.022857142857142857
0 0.8917857142857143 0.18095238095238095 0.0064285714285714285 0.022857142857142857
0 0.8896428571428572 0.19238095238095237 0.009285714285714286 0.022857142857142857
0 0.8628571428571429 0.24571428571428572 0.007142857142857143 0.022857142857142857
0 0.8521428571428571 0.3361904761904762 0.011428571428571429 0.0380952380952381
0 0.8632142857142857 0.3457142857142857 0.016428571428571428 0.04380952380952381
0 0.8778571428571429 0.3457142857142857 0.012857142857142857 0.04
0 0.8775 0.3138095238095238 0.015 0.02761904761904762
0 0.88 0.3180952380952381 0.014285714285714285 0.024761904761904763
0 0.8721428571428571 0.38095238095238093 0.017142857142857144 0.030476190476190476
0 0.7914285714285715 0.3680952380952381 0.012857142857142857 0.039047619047619046
0 0.9467857142857142 0.530952380952381 0.012142857142857143 0.04857142857142857
