0 0.35225 0.18966666666666668 0.0025 0.01
0 0.34975 0.18966666666666668 0.0035 0.01
0 0.39325 0.535 0.0095 0.019333333333333334
0 0.46475 0.5243333333333333 0.0075 0.018
0 0.413 0.617 0.006 0.028666666666666667
0 0.10925 0.456 0.0065 0.024
0 0.12325 0.473 0.0065 0.027333333333333334
0 0.1 0.45666666666666667 0.008 0.021333333333333333
0 0.0945 0.4583333333333333 0.008 0.024666666666666667
0 0.138 0.5073333333333333 0.008 0.02666666666666667
0 0.21175 0.5806666666666667 0.0085 0.025333333333333333
0 0.2315 0.621 0.008 0.027333333333333334
0 0.197 0.6436666666666667 0.008 0.028666666666666667
0 0.404 0.901 0.012 0.03933333333333333
0 0.4785 0.695 0.007 0.03
0 0.44275 0.899 0.0145 0.028666666666666667
0 0.767 0.7263333333333334 0.01 0.03666666666666667
0 0.76875 0.7213333333333334 0.0175 0.036
0 0.50775 0.7283333333333334 0.0115 0.024666666666666667
0 0.5635 0.7773333333333333 0.008 0.030666666666666665
0 0.567 0.516 0.006 0.02666666666666667
0 0.599 0.5923333333333334 0.009 0.024666666666666667
0 0.621 0.6223333333333333 0.009 0.024666666666666667
