0 0.18125 0.20166666666666666 0.0075 0.014
0 0.189 0.213 0.005 0.011333333333333334
0 0.35525 0.2613333333333333 0.0045 0.012
0 0.401 0.283 0.006 0.014
0 0.39625 0.29033333333333333 0.0065 0.019333333333333334
0 0.5125 0.2956666666666667 0.007 0.014
0 0.18725 0.14333333333333334 0.0055 0.014666666666666666
0 0.211 0.19666666666666666 0.005 0.013333333333333334
0 0.22125 0.105 0.0045 0.011333333333333334
0 0.224 0.09866666666666667 0.004 0.008
0 0.21975 0.10333333333333333 0.0045 0.010666666666666666
0 0.23075 0.10933333333333334 0.0045 0.013333333333333334
0 0.22975 0.10833333333333334 0.0025 0.008666666666666666
0 0.22425 0.09666666666666666 0.0035 0.012
