0 0.005219206680584551 0.5027829313543599 0.010438413361169102 0.03153988868274583
0 0.01826722338204593 0.5051020408163265 0.013569937369519834 0.023191094619666047
0 0.17275574112734865 0.5918367346938775 0.018789144050104383 0.03525046382189239
0 0.18058455114822547 0.576530612244898 0.013569937369519834 0.04916512059369202
0 0.19154488517745302 0.5788497217068646 0.014613778705636743 0.05194805194805195
0 0.2687891440501044 0.5528756957328386 0.015657620041753653 0.04081632653061224
0 0.27322546972860123 0.5320037105751392 0.015135699373695199 0.038033395176252316
0 0.2622651356993737 0.5231910946196661 0.012004175365344467 0.04081632653061224
0 0.3162839248434238 0.5607606679035251 0.009394572025052192 0.04916512059369202
0 0.325678496868476 0.5602968460111317 0.011482254697286013 0.04452690166975881
0 0.34994780793319413 0.5542671614100185 0.009916492693110648 0.038033395176252316
0 0.3431628392484342 0.5496289424860853 0.014091858037578288 0.04916512059369202
0 0.3564718162839248 0.5487012987012987 0.011482254697286013 0.04916512059369202
0 0.3653444676409186 0.5514842300556586 0.017745302713987474 0.05287569573283859
0 0.35934237995824636 0.5426716141001855 0.014091858037578288 0.04638218923933209
0 0.354384133611691 0.5264378478664193 0.012526096033402923 0.04916512059369202
0 0.3455114822546973 0.5190166975881262 0.013569937369519834 0.04730983302411874
0 0.33924843423799583 0.5320037105751392 0.011482254697286013 0.045454545454545456
0 0.32828810020876825 0.5357142857142857 0.009394572025052192 0.045454545454545456
0 0.319937369519833 0.5459183673469388 0.009394572025052192 0.045454545454545456
0 0.34812108559498955 0.5524118738404453 0.009394572025052192 0.038033395176252316
0 0.39065762004175364 0.5287569573283859 0.010960334029227558 0.04081632653061224
0 0.39639874739039666 0.5403525046382189 0.008872651356993737 0.026901669758812616
0 0.39822546972860123 0.5273654916512059 0.010438413361169102 0.04730983302411874
0 0.40866388308977036 0.5551948051948052 0.010438413361169102 0.05287569573283859
0 0.5122651356993737 0.5584415584415584 0.009916492693110648 0.029684601113172542
0 0.5250521920668059 0.6168831168831169 0.011482254697286013 0.04267161410018553
0 0.7421711899791231 0.3891465677179963 0.010438413361169102 0.0287569573283859
0 0.7447807933194155 0.38961038961038963 0.008350730688935281 0.02411873840445269
0 0.7458246346555324 0.3877551020408163 0.008350730688935281 0.03153988868274583
0 0.8233298538622129 0.3427643784786642 0.007828810020876827 0.023191094619666047
0 0.033402922755741124 0.10204081632653061 0.006263048016701462 0.016697588126159554
0 0.06080375782881002 0.09925788497217068 0.006784968684759917 0.01855287569573284
0 0.06837160751565761 0.09879406307977737 0.0041753653444676405 0.015769944341372914
0 0.027400835073068893 0.09925788497217068 0.005741127348643006 0.016697588126159554
0 0.0020876826722338203 0.10343228200371057 0.0041753653444676405 0.008348794063079777
0 0.006263048016701462 0.10296846011131726 0.0041753653444676405 0.0074211502782931356
0 0.03888308977035491 0.10157699443413729 0.005741127348643006 0.012059369202226345
0 0.020876826722338204 0.10853432282003711 0.006263048016701462 0.00927643784786642
0 0.011221294363256785 0.10343228200371057 0.006784968684759917 0.017625231910946195
0 0.075678496868476 0.13636363636363635 0.005219206680584551 0.016697588126159554
