0 0.8978571428571429 0.8147619047619048 0.02857142857142857 0.04857142857142857
0 0.9685714285714285 0.8595238095238096 0.024285714285714285 0.05047619047619047
0 0.22 0.5671428571428572 0.014285714285714285 0.039047619047619046
0 0.09 0.38 0.015714285714285715 0.03428571428571429
0 0.16285714285714287 0.3557142857142857 0.01 0.02761904761904762
0 0.1025 0.3580952380952381 0.013571428571428571 0.022857142857142857
0 0.10964285714285714 0.34476190476190477 0.012142857142857143 0.024761904761904763
0 0.13392857142857142 0.3271428571428571 0.016428571428571428 0.021904761904761906
0 0.4210714285714286 0.19714285714285715 0.0035714285714285713 0.015238095238095238
0 0.3360714285714286 0.20523809523809525 0.0035714285714285713 0.010476190476190476
0 0.4810714285714286 0.31238095238095237 0.007857142857142858 0.022857142857142857
0 0.6207142857142857 0.4076190476190476 0.011428571428571429 0.030476190476190476
