0 0.5171428571428571 0.9366666666666666 0.011428571428571429 0.023809523809523808
0 0.5242857142857142 0.8976190476190476 0.012857142857142857 0.018095238095238095
0 0.4882142857142857 0.8485714285714285 0.013571428571428571 0.02095238095238095
0 0.5132142857142857 0.7442857142857143 0.010714285714285714 0.023809523809523808
0 0.4664285714285714 0.6647619047619048 0.012857142857142857 0.01904761904761905
0 0.4660714285714286 0.3476190476190476 0.012142857142857143 0.022857142857142857
0 0.46964285714285714 0.3142857142857143 0.009285714285714286 0.02095238095238095
0 0.4682142857142857 0.30095238095238097 0.009285714285714286 0.030476190476190476
0 0.48928571428571427 0.19428571428571428 0.008571428571428572 0.03238095238095238
0 0.45785714285714285 0.16428571428571428 0.008571428571428572 0.029523809523809525
0 0.4767857142857143 0.02761904761904762 0.009285714285714286 0.02857142857142857
0 0.49 0.023333333333333334 0.007142857142857143 0.02761904761904762
0 0.4882142857142857 0.007619047619047619 0.0064285714285714285 0.015238095238095238
0 0.4785714285714286 0.009047619047619047 0.005714285714285714 0.018095238095238095
