0 0.14107142857142857 0.8385714285714285 0.02642857142857143 0.021904761904761906
0 0.4142857142857143 0.27095238095238094 0.012857142857142857 0.03142857142857143
0 0.3125 0.24619047619047618 0.016428571428571428 0.02761904761904762
0 0.3132142857142857 0.26857142857142857 0.012142857142857143 0.02857142857142857
0 0.3142857142857143 0.2780952380952381 0.015714285714285715 0.022857142857142857
0 0.3317857142857143 0.12476190476190477 0.015 0.02666666666666667
0 0.3142857142857143 0.15142857142857144 0.015714285714285715 0.03238095238095238
0 0.3171428571428571 0.13428571428571429 0.015714285714285715 0.03238095238095238
0 0.32535714285714284 0.09476190476190476 0.013571428571428571 0.03142857142857143
0 0.3442857142857143 0.048095238095238094 0.01 0.03333333333333333
0 0.3682142857142857 0.10761904761904761 0.010714285714285714 0.030476190476190476
0 0.2817857142857143 0.16904761904761906 0.016428571428571428 0.02761904761904762
0 0.2814285714285714 0.1457142857142857 0.015714285714285715 0.02666666666666667
0 0.30107142857142855 0.1361904761904762 0.013571428571428571 0.03238095238095238
0 0.36142857142857143 0.10476190476190476 0.011428571428571429 0.03238095238095238
0 0.3892857142857143 0.06523809523809523 0.01 0.02
0 0.31642857142857145 0.10142857142857142 0.014285714285714285 0.035238095238095235
0 0.32035714285714284 0.05952380952380952 0.012142857142857143 0.03333333333333333
0 0.5239285714285714 0.4585714285714286 0.010714285714285714 0.029523809523809525
0 0.5171428571428571 0.3680952380952381 0.014285714285714285 0.02
0 0.38107142857142856 0.36714285714285716 0.013571428571428571 0.018095238095238095
0 0.6375 0.23904761904761904 0.013571428571428571 0.02666666666666667
0 0.6203571428571428 0.25047619047619046 0.015 0.024761904761904763
0 0.6189285714285714 0.23714285714285716 0.013571428571428571 0.02857142857142857
0 0.6792857142857143 0.37952380952380954 0.014285714285714285 0.025714285714285714
0 0.7239285714285715 0.03333333333333333 0.012142857142857143 0.03619047619047619
0 0.9067857142857143 0.7914285714285715 0.02214285714285714 0.022857142857142857
0 0.7710714285714285 0.8219047619047619 0.017857142857142856 0.017142857142857144
0 0.7196428571428571 0.8147619047619048 0.017857142857142856 0.018095238095238095
0 0.6675 0.6471428571428571 0.016428571428571428 0.025714285714285714
0 0.6928571428571428 0.861904761904762 0.015714285714285715 0.024761904761904763
0 0.6735714285714286 0.7971428571428572 0.02 0.024761904761904763
0 0.64 0.5719047619047619 0.014285714285714285 0.021904761904761906
0 0.7517857142857143 0.5076190476190476 0.019285714285714285 0.02095238095238095
0 0.8246428571428571 0.5652380952380952 0.019285714285714285 0.018095238095238095
0 0.9253571428571429 0.9328571428571428 0.03357142857142857 0.023809523809523808
0 0.5485714285714286 0.7538095238095238 0.017142857142857144 0.02
0 0.8153571428571429 0.6376190476190476 0.015 0.01619047619047619
0 0.17607142857142857 0.9257142857142857 0.019285714285714285 0.03428571428571429
0 0.22785714285714287 0.16047619047619047 0.015714285714285715 0.03142857142857143
0 0.25142857142857145 0.14142857142857143 0.017142857142857144 0.029523809523809525
0 0.23785714285714285 0.13904761904761906 0.011428571428571429 0.02857142857142857
