0 0.36964285714285716 0.3180952380952381 0.009285714285714286 0.015238095238095238
0 0.3925 0.3219047619047619 0.0064285714285714285 0.015238095238095238
0 0.4257142857142857 0.3333333333333333 0.007142857142857143 0.013333333333333334
0 0.43357142857142855 0.3361904761904762 0.007142857142857143 0.013333333333333334
0 0.5275 0.38761904761904764 0.005 0.015238095238095238
0 0.4757142857142857 0.13476190476190475 0.005714285714285714 0.014285714285714285
0 0.5564285714285714 0.0838095238095238 0.008571428571428572 0.015238095238095238
0 0.6610714285714285 0.8347619047619048 0.005 0.008571428571428572
0 0.755 0.27666666666666667 0.007142857142857143 0.010476190476190476
0 0.7078571428571429 0.1895238095238095 0.005714285714285714 0.013333333333333334
0 0.6546428571428572 0.016666666666666666 0.005 0.010476190476190476
