0 0.2767857142857143 0.7980952380952381 0.023571428571428573 0.030476190476190476
0 0.3757142857142857 0.570952380952381 0.011428571428571429 0.025714285714285714
0 0.34214285714285714 0.5838095238095238 0.015714285714285715 0.022857142857142857
0 0.14357142857142857 0.4561904761904762 0.012857142857142857 0.02095238095238095
0 0.040357142857142855 0.44571428571428573 0.016428571428571428 0.02095238095238095
0 0.0625 0.4023809523809524 0.012142857142857143 0.02
0 0.06142857142857143 0.36523809523809525 0.011428571428571429 0.018095238095238095
0 0.10178571428571428 0.3638095238095238 0.012142857142857143 0.02095238095238095
0 0.5442857142857143 0.64 0.015714285714285715 0.03238095238095238
0 0.6735714285714286 0.3442857142857143 0.011428571428571429 0.029523809523809525
