0 0.1775 0.9879441624365483 0.005 0.021573604060913704
0 0.19107142857142856 0.9885786802030457 0.0064285714285714285 0.02030456852791878
0 0.19714285714285715 0.9898477157360406 0.004285714285714286 0.017766497461928935
0 0.21285714285714286 0.9904822335025381 0.005714285714285714 0.01649746192893401
0 0.38107142857142856 0.6852791878172588 0.005 0.017766497461928935
0 0.39 0.5678934010152284 0.002857142857142857 0.01649746192893401
0 0.3942857142857143 0.5558375634517766 0.002857142857142857 0.012690355329949238
0 0.405 0.5133248730964467 0.0014285714285714286 0.008883248730964468
0 0.5421428571428571 0.48286802030456855 0.002857142857142857 0.008883248730964468
0 0.5739285714285715 0.44416243654822335 0.002142857142857143 0.01015228426395939
0 0.5664285714285714 0.46383248730964466 0.0014285714285714286 0.011421319796954314
0 0.57 0.4631979695431472 0.002857142857142857 0.012690355329949238
0 0.5814285714285714 0.46573604060913704 0.002857142857142857 0.012690355329949238
0 0.5871428571428572 0.44289340101522845 0.002857142857142857 0.012690355329949238
0 0.6932142857142857 0.434010152284264 0.002142857142857143 0.01015228426395939
0 0.725 0.43147208121827413 0.002857142857142857 0.01015228426395939
0 0.7614285714285715 0.4270304568527919 0.004285714285714286 0.011421319796954314
