0 0.6428571428571429 0.5623809523809524 0.011428571428571429 0.03142857142857143
0 0.25285714285714284 0.42333333333333334 0.008571428571428572 0.025714285714285714
0 0.24821428571428572 0.4280952380952381 0.009285714285714286 0.025714285714285714
0 0.8260714285714286 0.6404761904761904 0.025 0.035238095238095235
0 0.8439285714285715 0.6485714285714286 0.020714285714285713 0.02857142857142857
0 0.6392857142857142 0.549047619047619 0.011428571428571429 0.03142857142857143
0 0.6760714285714285 0.6761904761904762 0.017857142857142856 0.03619047619047619
0 0.7453571428571428 0.7761904761904762 0.020714285714285713 0.0419047619047619
0 0.7382142857142857 0.7538095238095238 0.02214285714285714 0.04476190476190476
0 0.23107142857142857 0.43476190476190474 0.010714285714285714 0.021904761904761906
0 0.6121428571428571 0.2280952380952381 0.004285714285714286 0.014285714285714285
0 0.7546428571428572 0.2957142857142857 0.007857142857142858 0.014285714285714285
0 0.9864285714285714 0.8485714285714285 0.027142857142857142 0.03619047619047619
0 0.5142857142857142 0.30142857142857143 0.005714285714285714 0.018095238095238095
