0 0.3489285714285714 0.4990476190476191 0.02642857142857143 0.06285714285714286
0 0.041428571428571426 0.5314285714285715 0.02142857142857143 0.03428571428571429
0 0.49178571428571427 0.520952380952381 0.016428571428571428 0.05333333333333334
0 0.41928571428571426 0.3438095238095238 0.018571428571428572 0.0419047619047619
0 0.9042857142857142 0.1657142857142857 0.011428571428571429 0.03238095238095238
0 0.9160714285714285 0.16904761904761906 0.012142857142857143 0.03142857142857143
0 0.9753571428571428 0.20333333333333334 0.016428571428571428 0.039047619047619046
0 0.9628571428571429 0.007142857142857143 0.005714285714285714 0.014285714285714285
0 0.9510714285714286 0.017142857142857144 0.0064285714285714285 0.015238095238095238
0 0.9157142857142857 0.02857142857142857 0.004285714285714286 0.017142857142857144
0 0.9096428571428572 0.04285714285714286 0.0064285714285714285 0.01904761904761905
0 0.9117857142857143 0.05619047619047619 0.010714285714285714 0.02095238095238095
0 0.9067857142857143 0.04238095238095238 0.005 0.02
0 0.8971428571428571 0.04285714285714286 0.005714285714285714 0.01904761904761905
0 0.9007142857142857 0.043333333333333335 0.005714285714285714 0.02
0 0.8903571428571428 0.0680952380952381 0.0064285714285714285 0.01619047619047619
0 0.895 0.01904761904761905 0.004285714285714286 0.013333333333333334
