0 0.0067857142857142855 0.5285532994923858 0.009285714285714286 0.01649746192893401
0 0.052142857142857144 0.4346446700507614 0.005714285714285714 0.01649746192893401
0 0.05 0.43591370558375636 0.005714285714285714 0.013959390862944163
0 0.06642857142857143 0.41814720812182743 0.005714285714285714 0.01649746192893401
0 0.07035714285714285 0.4206852791878173 0.0035714285714285713 0.013959390862944163
0 0.075 0.40609137055837563 0.004285714285714286 0.017766497461928935
0 0.08285714285714285 0.4118020304568528 0.007142857142857143 0.021573604060913704
0 0.08964285714285715 0.407994923857868 0.005 0.01903553299492386
0 0.09357142857142857 0.4067258883248731 0.004285714285714286 0.01649746192893401
0 0.12107142857142857 0.3800761421319797 0.005 0.011421319796954314
0 0.10285714285714286 0.3737309644670051 0.005714285714285714 0.01903553299492386
0 0.10535714285714286 0.3762690355329949 0.0035714285714285713 0.011421319796954314
0 0.11142857142857143 0.3743654822335025 0.002857142857142857 0.007614213197969543
0 0.13071428571428573 0.35088832487309646 0.005714285714285714 0.01649746192893401
0 0.11 0.36484771573604063 0.004285714285714286 0.013959390862944163
0 0.11142857142857143 0.3629441624365482 0.002857142857142857 0.012690355329949238
0 0.12035714285714286 0.3534263959390863 0.005 0.01649746192893401
0 0.155 0.31091370558375636 0.004285714285714286 0.015228426395939087
0 0.1775 0.3026649746192893 0.002142857142857143 0.013959390862944163
0 0.18035714285714285 0.30456852791878175 0.0035714285714285713 0.015228426395939087
0 0.20035714285714284 0.30583756345177665 0.0035714285714285713 0.01015228426395939
0 0.31035714285714283 0.7100253807106599 0.007857142857142858 0.031725888324873094
0 0.35642857142857143 0.5266497461928934 0.005714285714285714 0.02284263959390863
0 0.36214285714285716 0.524746192893401 0.005714285714285714 0.021573604060913704
0 0.34785714285714286 0.49619289340101524 0.005714285714285714 0.025380710659898477
0 0.4942857142857143 0.5253807106598984 0.004285714285714286 0.02284263959390863
0 0.49892857142857144 0.5215736040609137 0.005 0.02030456852791878
0 0.06321428571428571 0.4612944162436548 0.0064285714285714285 0.013959390862944163
0 0.065 0.4581218274111675 0.008571428571428572 0.02030456852791878
