0 0.45071428571428573 0.47904761904761906 0.008571428571428572 0.011428571428571429
0 0.43857142857142856 0.48142857142857143 0.007142857142857143 0.01619047619047619
0 0.4714285714285714 0.4657142857142857 0.005714285714285714 0.017142857142857144
0 0.4739285714285714 0.45095238095238094 0.009285714285714286 0.014285714285714285
0 0.48035714285714287 0.4504761904761905 0.009285714285714286 0.013333333333333334
0 0.39285714285714285 0.46 0.007142857142857143 0.013333333333333334
0 0.23142857142857143 0.4604761904761905 0.01 0.014285714285714285
0 0.21964285714285714 0.4604761904761905 0.009285714285714286 0.018095238095238095
0 0.21357142857142858 0.46285714285714286 0.008571428571428572 0.01904761904761905
0 0.1992857142857143 0.42523809523809525 0.011428571428571429 0.014285714285714285
0 0.16357142857142856 0.4014285714285714 0.011428571428571429 0.018095238095238095
0 0.11785714285714285 0.36857142857142855 0.01 0.013333333333333334
0 0.10107142857142858 0.33285714285714285 0.012142857142857143 0.012380952380952381
0 0.10535714285714286 0.3261904761904762 0.007857142857142858 0.012380952380952381
