0 0.4782142857142857 0.39714285714285713 0.002142857142857143 0.007619047619047619
0 0.57 0.6376190476190476 0.004285714285714286 0.012380952380952381
0 0.5671428571428572 0.6271428571428571 0.002857142857142857 0.010476190476190476
0 0.5692857142857143 0.6133333333333333 0.004285714285714286 0.011428571428571429
0 0.43142857142857144 0.7023809523809523 0.005714285714285714 0.010476190476190476
0 0.4392857142857143 0.7671428571428571 0.005714285714285714 0.012380952380952381
0 0.4432142857142857 0.8438095238095238 0.005 0.015238095238095238
0 0.4610714285714286 0.8676190476190476 0.007857142857142858 0.015238095238095238
0 0.31892857142857145 0.44 0.002142857142857143 0.007619047619047619
0 0.295 0.38857142857142857 0.0014285714285714286 0.005714285714285714
