0 0.20325 0.883 0.0255 0.062
0 0.4975 0.5803333333333334 0.015 0.020666666666666667
0 0.5375 0.5903333333333334 0.02 0.038
0 0.69025 0.667 0.0225 0.048666666666666664
0 0.72475 0.6236666666666667 0.0125 0.035333333333333335
0 0.95775 0.878 0.0395 0.06133333333333333
0 0.52125 0.5113333333333333 0.0115 0.037333333333333336
0 0.55425 0.49866666666666665 0.0135 0.029333333333333333
0 0.50175 0.479 0.0115 0.03266666666666666
0 0.37425 0.48966666666666664 0.0115 0.043333333333333335
0 0.20825 0.217 0.0055 0.022
0 0.29675 0.16033333333333333 0.0055 0.012666666666666666
0 0.3455 0.095 0.003 0.01
0 0.3505 0.09466666666666666 0.002 0.009333333333333334
0 0.6455 0.17133333333333334 0.004 0.017333333333333333
0 0.6595 0.15966666666666668 0.004 0.016666666666666666
0 0.59525 0.15866666666666668 0.0045 0.017333333333333333
0 0.63525 0.15933333333333333 0.0045 0.014666666666666666
0 0.64575 0.14866666666666667 0.0035 0.016
0 0.64975 0.14866666666666667 0.0035 0.014666666666666666
0 0.65325 0.136 0.0035 0.014666666666666666
0 0.6565 0.13566666666666666 0.002 0.012666666666666666
0 0.588 0.071 0.001 0.008666666666666666
0 0.586 0.07 0.002 0.006666666666666667
0 0.7 0.25 0.005 0.02266666666666667
0 0.703 0.25033333333333335 0.008 0.026
0 0.52225 0.09266666666666666 0.0025 0.009333333333333334
