0 0.0425 0.07296954314720812 0.009285714285714286 0.031725888324873094
0 0.017142857142857144 0.14784263959390864 0.011428571428571429 0.02918781725888325
0 0.023571428571428573 0.15228426395939088 0.008571428571428572 0.030456852791878174
0 0.0064285714285714285 0.6878172588832487 0.012857142857142857 0.03553299492385787
0 0.03642857142857143 0.6395939086294417 0.015714285714285715 0.03553299492385787
0 0.10214285714285715 0.9517766497461929 0.015714285714285715 0.025380710659898477
0 0.1492857142857143 0.9181472081218274 0.014285714285714285 0.024111675126903553
0 0.21892857142857142 0.8401015228426396 0.012142857142857143 0.025380710659898477
0 0.24464285714285713 0.8451776649746193 0.016428571428571428 0.02284263959390863
0 0.20892857142857144 0.6928934010152284 0.009285714285714286 0.025380710659898477
0 0.3053571428571429 0.8191624365482234 0.009285714285714286 0.024111675126903553
0 0.30607142857142855 0.8058375634517766 0.007857142857142858 0.02284263959390863
0 0.3603571428571429 0.9308375634517766 0.010714285714285714 0.024111675126903553
0 0.3342857142857143 0.5939086294416244 0.011428571428571429 0.027918781725888325
0 0.7167857142857142 0.29251269035532995 0.007857142857142858 0.024111675126903553
0 0.7117857142857142 0.056472081218274114 0.005 0.021573604060913704
0 0.6935714285714286 0.08946700507614214 0.004285714285714286 0.0266497461928934
0 0.7167857142857142 0.05710659898477157 0.005 0.02030456852791878
0 0.7225 0.060279187817258884 0.005 0.024111675126903553
0 0.6567857142857143 0.2303299492385787 0.005 0.021573604060913704
0 0.6478571428571429 0.22588832487309646 0.004285714285714286 0.02284263959390863
0 0.6214285714285714 0.282994923857868 0.005714285714285714 0.02284263959390863
0 0.6242857142857143 0.2956852791878173 0.005714285714285714 0.027918781725888325
0 0.625 0.3026649746192893 0.007142857142857143 0.0266497461928934
0 0.6325 0.2836294416243655 0.0064285714285714285 0.024111675126903553
0 0.6357142857142857 0.28616751269035534 0.005714285714285714 0.024111675126903553
0 0.13214285714285715 0.3248730964467005 0.01 0.030456852791878174
0 0.15571428571428572 0.2918781725888325 0.011428571428571429 0.04060913705583756
