0 0.8653571428571428 0.39 0.005 0.008571428571428572
0 0.5953571428571428 0.7723809523809524 0.007857142857142858 0.017142857142857144
0 0.5821428571428572 0.7333333333333333 0.007142857142857143 0.011428571428571429
0 0.43714285714285717 0.8985714285714286 0.011428571428571429 0.02
0 0.4275 0.9333333333333333 0.0064285714285714285 0.02666666666666667
0 0.3325 0.5361904761904762 0.005 0.01904761904761905
0 0.3782142857142857 0.5771428571428572 0.005 0.01904761904761905
0 0.3939285714285714 0.5380952380952381 0.005 0.017142857142857144
0 0.3921428571428571 0.5223809523809524 0.005714285714285714 0.012380952380952381
0 0.4185714285714286 0.5371428571428571 0.004285714285714286 0.015238095238095238
0 0.4496428571428571 0.5347619047619048 0.005 0.01619047619047619
0 0.42392857142857143 0.5242857142857142 0.0064285714285714285 0.01619047619047619
0 0.41678571428571426 0.5204761904761904 0.005 0.018095238095238095
0 0.36 0.5133333333333333 0.005714285714285714 0.015238095238095238
0 0.3578571428571429 0.5061904761904762 0.005714285714285714 0.014285714285714285
0 0.41214285714285714 0.5290476190476191 0.004285714285714286 0.018095238095238095
0 0.5132142857142857 0.47 0.0035714285714285713 0.010476190476190476
