0 0.18035714285714285 0.3985714285714286 0.017857142857142856 0.01619047619047619
0 0.6903571428571429 0.4147619047619048 0.015 0.025714285714285714
0 0.8042857142857143 0.8085714285714286 0.02142857142857143 0.017142857142857144
0 0.7964285714285714 0.9704761904761905 0.02 0.024761904761904763
0 0.7739285714285714 0.6223809523809524 0.015 0.035238095238095235
0 0.9717857142857143 0.06857142857142857 0.02214285714285714 0.02857142857142857
0 0.9885714285714285 0.09761904761904762 0.02142857142857143 0.037142857142857144
0 0.7221428571428572 0.055714285714285716 0.017142857142857144 0.02761904761904762
0 0.8989285714285714 0.04285714285714286 0.007857142857142858 0.013333333333333334
0 0.89 0.04 0.017142857142857144 0.030476190476190476
