0 0.8375 0.3343908629441624 0.0064285714285714285 0.021573604060913704
0 0.8453571428571428 0.21637055837563451 0.005 0.01903553299492386
0 0.8428571428571429 0.35850253807106597 0.005714285714285714 0.021573604060913704
0 0.8503571428571428 0.38451776649746194 0.007857142857142858 0.027918781725888325
0 0.8303571428571429 0.39276649746192893 0.0064285714285714285 0.0266497461928934
0 0.8239285714285715 0.3883248730964467 0.0064285714285714285 0.02284263959390863
0 0.8221428571428572 0.40418781725888325 0.007142857142857143 0.024111675126903553
0 0.8332142857142857 0.21192893401015228 0.0064285714285714285 0.02284263959390863
0 0.8353571428571429 0.19606598984771573 0.0064285714285714285 0.01903553299492386
0 0.805 0.1713197969543147 0.004285714285714286 0.02030456852791878
0 0.8114285714285714 0.03553299492385787 0.004285714285714286 0.017766497461928935
0 0.8160714285714286 0.03489847715736041 0.0035714285714285713 0.01649746192893401
0 0.7939285714285714 0.5653553299492385 0.007857142857142858 0.024111675126903553
0 0.8064285714285714 0.5710659898477157 0.008571428571428572 0.027918781725888325
0 0.8142857142857143 0.5818527918781726 0.004285714285714286 0.01649746192893401
0 0.8178571428571428 0.5875634517766497 0.007142857142857143 0.030456852791878174
0 0.7725 0.6421319796954315 0.009285714285714286 0.027918781725888325
0 0.7403571428571428 0.8286802030456852 0.009285714285714286 0.030456852791878174
0 0.7507142857142857 0.866751269035533 0.007142857142857143 0.027918781725888325
0 0.6525 0.2766497461928934 0.0064285714285714285 0.027918781725888325
0 0.2814285714285714 0.9397208121827412 0.01 0.03934010152284264
