0 0.675 0.5833333333333334 0.012857142857142857 0.03142857142857143
0 0.6557142857142857 0.5242857142857142 0.01 0.035238095238095235
0 0.6160714285714286 0.5228571428571429 0.012142857142857143 0.030476190476190476
0 0.5957142857142858 0.6223809523809524 0.014285714285714285 0.04666666666666667
0 0.5810714285714286 0.6395238095238095 0.016428571428571428 0.04666666666666667
0 0.6167857142857143 0.3976190476190476 0.009285714285714286 0.029523809523809525
0 0.6025 0.3995238095238095 0.007857142857142858 0.029523809523809525
0 0.6425 0.2604761904761905 0.0064285714285714285 0.023809523809523808
0 0.6378571428571429 0.26761904761904765 0.004285714285714286 0.013333333333333334
0 0.5207142857142857 0.18523809523809523 0.005714285714285714 0.01619047619047619
0 0.48214285714285715 0.3223809523809524 0.007142857142857143 0.025714285714285714
0 0.4757142857142857 0.3180952380952381 0.007142857142857143 0.02666666666666667
0 0.5125 0.19 0.005 0.018095238095238095
0 0.5764285714285714 0.22333333333333333 0.007142857142857143 0.012380952380952381
0 0.45821428571428574 0.18761904761904763 0.0035714285714285713 0.017142857142857144
0 0.4878571428571429 0.11142857142857143 0.002857142857142857 0.011428571428571429
0 0.49642857142857144 0.08571428571428572 0.002857142857142857 0.009523809523809525
0 0.485 0.11047619047619048 0.002857142857142857 0.009523809523809525
0 0.5717857142857142 0.09142857142857143 0.0035714285714285713 0.011428571428571429
0 0.6317857142857143 0.27666666666666667 0.0064285714285714285 0.018095238095238095
0 0.6017857142857143 0.38142857142857145 0.010714285714285714 0.02761904761904762
0 0.6142857142857143 0.3823809523809524 0.008571428571428572 0.03142857142857143
0 0.7696428571428572 0.5109523809523809 0.012142857142857143 0.039047619047619046
0 0.4782142857142857 0.1761904761904762 0.005 0.011428571428571429
0 0.47714285714285715 0.17476190476190476 0.004285714285714286 0.014285714285714285
