0 0.44 0.24966666666666668 0.003 0.012666666666666666
0 0.3395 0.142 0.002 0.009333333333333334
0 0.3425 0.14233333333333334 0.002 0.01
0 0.32275 0.5426666666666666 0.0065 0.017333333333333333
0 0.3805 0.5406666666666666 0.005 0.016
0 0.37025 0.6006666666666667 0.0065 0.012
0 0.31675 0.818 0.0095 0.021333333333333333
0 0.33575 0.8596666666666667 0.0135 0.016666666666666666
0 0.45825 0.5963333333333334 0.0055 0.015333333333333332
0 0.55125 0.6596666666666666 0.0065 0.015333333333333332
0 0.826 0.9026666666666666 0.009 0.018666666666666668
0 0.83475 0.9186666666666666 0.0075 0.02266666666666667
0 0.84025 0.907 0.0085 0.020666666666666667
