0 0.40214285714285714 0.24095238095238095 0.005714285714285714 0.017142857142857144
0 0.3296428571428571 0.32285714285714284 0.0064285714285714285 0.011428571428571429
0 0.45535714285714285 0.5685714285714286 0.009285714285714286 0.011428571428571429
0 0.32785714285714285 0.47333333333333333 0.007142857142857143 0.013333333333333334
0 0.3078571428571429 0.5152380952380953 0.008571428571428572 0.009523809523809525
0 0.30214285714285716 0.5161904761904762 0.01 0.009523809523809525
0 0.2882142857142857 0.5147619047619048 0.010714285714285714 0.014285714285714285
0 0.2842857142857143 0.5628571428571428 0.01 0.007619047619047619
0 0.28464285714285714 0.570952380952381 0.0064285714285714285 0.006666666666666667
0 0.34285714285714286 0.5604761904761905 0.008571428571428572 0.014285714285714285
0 0.32392857142857145 0.5995238095238096 0.007857142857142858 0.006666666666666667
0 0.29214285714285715 0.5528571428571428 0.007142857142857143 0.012380952380952381
0 0.2975 0.5538095238095239 0.007857142857142858 0.010476190476190476
0 0.3082142857142857 0.5766666666666667 0.010714285714285714 0.010476190476190476
0 0.28785714285714287 0.5947619047619047 0.008571428571428572 0.006666666666666667
0 0.2842857142857143 0.5957142857142858 0.01 0.012380952380952381
0 0.30178571428571427 0.5947619047619047 0.007857142857142858 0.008571428571428572
0 0.31107142857142855 0.6733333333333333 0.010714285714285714 0.009523809523809525
0 0.3578571428571429 0.679047619047619 0.007142857142857143 0.007619047619047619
0 0.30642857142857144 0.7638095238095238 0.01 0.01904761904761905
0 0.31357142857142856 0.7604761904761905 0.007142857142857143 0.012380952380952381
0 0.7589285714285714 0.16333333333333333 0.009285714285714286 0.012380952380952381
0 0.7053571428571429 0.33904761904761904 0.007857142857142858 0.013333333333333334
0 0.9960714285714286 0.6009523809523809 0.007857142857142858 0.009523809523809525
0 0.8464285714285714 0.6180952380952381 0.008571428571428572 0.007619047619047619
0 0.7796428571428572 0.75 0.010714285714285714 0.012380952380952381
0 0.7475 0.6528571428571428 0.015 0.010476190476190476
0 0.3871428571428571 0.9071428571428571 0.008571428571428572 0.01619047619047619
0 0.39035714285714285 0.8890476190476191 0.0064285714285714285 0.01619047619047619
0 0.37285714285714283 0.9038095238095238 0.005714285714285714 0.013333333333333334
0 0.34964285714285714 0.8904761904761904 0.007857142857142858 0.009523809523809525
0 0.4 0.699047619047619 0.005714285714285714 0.011428571428571429
0 0.25785714285714284 0.9042857142857142 0.011428571428571429 0.014285714285714285
0 0.3142857142857143 0.8323809523809523 0.005714285714285714 0.011428571428571429
0 0.31892857142857145 0.8361904761904762 0.007857142857142858 0.017142857142857144
0 0.26107142857142857 0.8095238095238095 0.010714285714285714 0.013333333333333334
