0 0.5046428571428572 0.6414285714285715 0.016428571428571428 0.07523809523809524
0 0.5232142857142857 0.6409523809523809 0.016428571428571428 0.0761904761904762
0 0.5057142857142857 0.3861904761904762 0.011428571428571429 0.04666666666666667
0 0.4828571428571429 0.35904761904761906 0.007142857142857143 0.03619047619047619
0 0.47464285714285714 0.35714285714285715 0.009285714285714286 0.03619047619047619
0 0.4760714285714286 0.259047619047619 0.0064285714285714285 0.022857142857142857
0 0.4689285714285714 0.25761904761904764 0.0064285714285714285 0.018095238095238095
0 0.47464285714285714 0.23238095238095238 0.005 0.013333333333333334
0 0.48428571428571426 0.24142857142857144 0.005714285714285714 0.01619047619047619
0 0.48892857142857143 0.24047619047619048 0.005 0.014285714285714285
0 0.4992857142857143 0.23904761904761904 0.005714285714285714 0.017142857142857144
0 0.7714285714285715 0.4861904761904762 0.017142857142857144 0.06380952380952382
0 0.8778571428571429 0.6747619047619048 0.032857142857142856 0.07523809523809524
0 0.6664285714285715 0.33904761904761904 0.008571428571428572 0.03238095238095238
0 0.6760714285714285 0.34095238095238095 0.009285714285714286 0.03428571428571429
0 0.9667857142857142 0.6147619047619047 0.02642857142857143 0.06571428571428571
0 0.99 0.6347619047619047 0.017142857142857144 0.037142857142857144
