0 0.7978571428571428 0.5723809523809524 0.018571428571428572 0.05142857142857143
0 0.7635714285714286 0.518095238095238 0.012857142857142857 0.04380952380952381
0 0.6732142857142858 0.6385714285714286 0.015 0.05238095238095238
0 0.7253571428571428 0.6080952380952381 0.013571428571428571 0.04857142857142857
0 0.6521428571428571 0.6090476190476191 0.012857142857142857 0.04857142857142857
0 0.5832142857142857 0.6195238095238095 0.012142857142857143 0.05047619047619047
0 0.6103571428571428 0.5723809523809524 0.012142857142857143 0.04380952380952381
0 0.5878571428571429 0.5466666666666666 0.01 0.0419047619047619
0 0.5614285714285714 0.5704761904761905 0.014285714285714285 0.047619047619047616
0 0.5746428571428571 0.6019047619047619 0.009285714285714286 0.05142857142857143
0 0.5842857142857143 0.5252380952380953 0.011428571428571429 0.040952380952380955
0 0.5732142857142857 0.5061904761904762 0.012142857142857143 0.040952380952380955
0 0.5703571428571429 0.49476190476190474 0.010714285714285714 0.035238095238095235
0 0.5642857142857143 0.4785714285714286 0.014285714285714285 0.040952380952380955
0 0.5357142857142857 0.5495238095238095 0.011428571428571429 0.04380952380952381
0 0.535 0.5290476190476191 0.012857142857142857 0.040952380952380955
0 0.49892857142857144 0.5276190476190477 0.012142857142857143 0.0419047619047619
0 0.5267857142857143 0.5038095238095238 0.009285714285714286 0.03619047619047619
0 0.5275 0.48714285714285716 0.010714285714285714 0.035238095238095235
0 0.6010714285714286 0.3442857142857143 0.0064285714285714285 0.023809523809523808
0 0.6175 0.3504761904761905 0.005 0.022857142857142857
0 0.6228571428571429 0.3523809523809524 0.007142857142857143 0.030476190476190476
0 0.6428571428571429 0.3514285714285714 0.005714285714285714 0.024761904761904763
0 0.6210714285714286 0.3319047619047619 0.0064285714285714285 0.021904761904761906
0 0.45107142857142857 0.36714285714285716 0.0064285714285714285 0.021904761904761906
