0 0.6525 0.685 0.013 0.042
0 0.6575 0.6753333333333333 0.011 0.034666666666666665
0 0.64025 0.6776666666666666 0.0165 0.018
0 0.59175 0.197 0.0095 0.03
0 0.657 0.09433333333333334 0.007 0.019333333333333334
0 0.96575 0.05 0.0095 0.024
0 0.982 0.09833333333333333 0.007 0.024666666666666667
0 0.9885 0.101 0.007 0.023333333333333334
0 0.85675 0.24033333333333334 0.0095 0.026
0 0.87075 0.17466666666666666 0.0095 0.02666666666666667
0 0.87325 0.17133333333333334 0.0065 0.010666666666666666
0 0.89225 0.16966666666666666 0.0115 0.034
0 0.88775 0.11833333333333333 0.0095 0.026
