0 0.5642857142857143 0.5861904761904762 0.017142857142857144 0.058095238095238096
0 0.7925 0.45571428571428574 0.0064285714285714285 0.04476190476190476
0 0.7978571428571428 0.45571428571428574 0.01 0.039047619047619046
0 0.5503571428571429 0.32047619047619047 0.010714285714285714 0.035238095238095235
0 0.0525 0.39571428571428574 0.017857142857142856 0.035238095238095235
0 0.08535714285714285 0.3838095238095238 0.013571428571428571 0.03428571428571429
0 0.10607142857142857 0.44333333333333336 0.013571428571428571 0.040952380952380955
0 0.13035714285714287 0.3942857142857143 0.015 0.03428571428571429
0 0.13285714285714287 0.36904761904761907 0.012857142857142857 0.03142857142857143
0 0.15107142857142858 0.36 0.010714285714285714 0.02666666666666667
0 0.19392857142857142 0.31666666666666665 0.010714285714285714 0.025714285714285714
0 0.08785714285714286 0.35428571428571426 0.012857142857142857 0.03428571428571429
0 0.32035714285714284 0.3080952380952381 0.010714285714285714 0.023809523809523808
