0 0.48178571428571426 0.5185714285714286 0.0064285714285714285 0.018095238095238095
0 0.45535714285714285 0.6214285714285714 0.007857142857142858 0.039047619047619046
0 0.6735714285714286 0.46285714285714286 0.004285714285714286 0.015238095238095238
0 0.6960714285714286 0.7380952380952381 0.007857142857142858 0.022857142857142857
0 0.7064285714285714 0.7390476190476191 0.005714285714285714 0.024761904761904763
0 0.7164285714285714 0.7380952380952381 0.007142857142857143 0.022857142857142857
0 0.68 0.5414285714285715 0.004285714285714286 0.012380952380952381
0 0.6871428571428572 0.5414285714285715 0.004285714285714286 0.012380952380952381
0 0.6928571428571428 0.6209523809523809 0.004285714285714286 0.009523809523809525
0 0.6832142857142857 0.4604761904761905 0.0035714285714285713 0.010476190476190476
0 0.6646428571428571 0.36857142857142855 0.0035714285714285713 0.005714285714285714
0 0.6425 0.3219047619047619 0.002142857142857143 0.0038095238095238095
0 0.6610714285714285 0.31952380952380954 0.002142857142857143 0.0009523809523809524
0 0.6610714285714285 0.32476190476190475 0.002142857142857143 0.0019047619047619048
0 0.6228571428571429 0.4076190476190476 0.002857142857142857 0.007619047619047619
