0 0.09464285714285714 0.22857142857142856 0.016428571428571428 0.03619047619047619
0 0.05142857142857143 0.24333333333333335 0.012857142857142857 0.03142857142857143
0 0.04107142857142857 0.2419047619047619 0.016428571428571428 0.03428571428571429
0 0.021785714285714287 0.15761904761904763 0.010714285714285714 0.029523809523809525
0 0.12714285714285714 0.09095238095238095 0.01 0.021904761904761906
0 0.6046428571428571 0.17904761904761904 0.007857142857142858 0.03428571428571429
0 0.0075 0.18523809523809523 0.015 0.029523809523809525
0 0.21535714285714286 0.22857142857142856 0.015 0.03428571428571429
0 0.15392857142857144 0.709047619047619 0.03785714285714286 0.04857142857142857
0 0.008928571428571428 0.45285714285714285 0.017857142857142856 0.05047619047619047
0 0.7535714285714286 0.12714285714285714 0.007142857142857143 0.02
