0 0.2225 0.07714285714285714 0.013571428571428571 0.03238095238095238
0 0.3560714285714286 0.15476190476190477 0.016428571428571428 0.04285714285714286
0 0.335 0.02 0.01 0.03428571428571429
0 0.6453571428571429 0.017142857142857144 0.015 0.03428571428571429
0 0.6760714285714285 0.009047619047619047 0.0064285714285714285 0.018095238095238095
0 0.6814285714285714 0.009523809523809525 0.005714285714285714 0.01904761904761905
0 0.6928571428571428 0.011904761904761904 0.01 0.021904761904761906
0 0.7282142857142857 0.014285714285714285 0.0064285714285714285 0.02666666666666667
0 0.6703571428571429 0.13142857142857142 0.015 0.0419047619047619
0 0.6989285714285715 0.1 0.009285714285714286 0.03619047619047619
0 0.7082142857142857 0.09714285714285714 0.0064285714285714285 0.02095238095238095
0 0.8210714285714286 0.2714285714285714 0.013571428571428571 0.0380952380952381
0 0.8414285714285714 0.2704761904761905 0.017142857142857144 0.05142857142857143
0 0.9378571428571428 0.58 0.024285714285714285 0.06285714285714286
0 0.045 0.6138095238095238 0.03142857142857143 0.06952380952380953
