0 0.25285714285714284 0.7595238095238095 0.01 0.012380952380952381
0 0.32142857142857145 0.4757142857142857 0.004285714285714286 0.012380952380952381
0 0.3182142857142857 0.47619047619047616 0.0035714285714285713 0.013333333333333334
0 0.33321428571428574 0.2776190476190476 0.0035714285714285713 0.012380952380952381
0 0.38392857142857145 0.16 0.0035714285714285713 0.011428571428571429
0 0.3792857142857143 0.15761904761904763 0.002857142857142857 0.010476190476190476
0 0.37642857142857145 0.15666666666666668 0.002857142857142857 0.010476190476190476
0 0.3507142857142857 0.29285714285714287 0.007142857142857143 0.023809523809523808
0 0.5142857142857142 0.041428571428571426 0.002857142857142857 0.008571428571428572
0 0.5953571428571428 0.4938095238095238 0.0064285714285714285 0.014285714285714285
0 0.5764285714285714 0.32142857142857145 0.005714285714285714 0.025714285714285714
0 0.56 0.22047619047619046 0.004285714285714286 0.010476190476190476
0 0.6039285714285715 0.20476190476190476 0.005 0.017142857142857144
0 0.6271428571428571 0.23142857142857143 0.004285714285714286 0.017142857142857144
0 0.6667857142857143 0.38904761904761903 0.005 0.01619047619047619
0 0.6489285714285714 0.46 0.005 0.022857142857142857
0 0.6235714285714286 0.7671428571428571 0.007142857142857143 0.02761904761904762
