0 0.3517857142857143 0.25952380952380955 0.005 0.008571428571428572
0 0.32607142857142857 0.30857142857142855 0.0035714285714285713 0.007619047619047619
0 0.3271428571428571 0.30333333333333334 0.004285714285714286 0.006666666666666667
0 0.3271428571428571 0.30047619047619045 0.004285714285714286 0.008571428571428572
0 0.3275 0.2957142857142857 0.0035714285714285713 0.006666666666666667
0 0.3317857142857143 0.29095238095238096 0.0035714285714285713 0.008571428571428572
0 0.3335714285714286 0.2904761904761905 0.002857142857142857 0.009523809523809525
0 0.3385714285714286 0.2919047619047619 0.002857142857142857 0.008571428571428572
0 0.34035714285714286 0.2914285714285714 0.0035714285714285713 0.009523809523809525
0 0.315 0.2814285714285714 0.002857142857142857 0.006666666666666667
0 0.3182142857142857 0.2780952380952381 0.0035714285714285713 0.007619047619047619
0 0.325 0.2752380952380952 0.004285714285714286 0.007619047619047619
0 0.32107142857142856 0.27714285714285714 0.002142857142857143 0.009523809523809525
