0 0.3397711015736767 0.6999045801526718 0.02861230329041488 0.035305343511450385
0 0.11123032904148784 0.982824427480916 0.033619456366237484 0.026717557251908396
0 0.2718168812589413 0.19513358778625955 0.022889842632331903 0.035305343511450385
0 0.3369098712446352 0.22089694656488548 0.02145922746781116 0.04484732824427481
0 0.3082975679542203 0.09637404580152671 0.01859799713876967 0.04007633587786259
0 0.21065808297567953 0.16650763358778625 0.02074391988555079 0.03148854961832061
0 0.3501430615164521 0.1159351145038168 0.019313304721030045 0.039122137404580155
0 0.39663805436337624 0.06679389312977099 0.0178826895565093 0.04198473282442748
0 0.347997138769671 0.09732824427480916 0.0178826895565093 0.03625954198473282
0 0.3315450643776824 0.09398854961832061 0.019313304721030045 0.039122137404580155
0 0.40665236051502146 0.13263358778625955 0.016452074391988557 0.04007633587786259
0 0.44778254649499283 0.042461832061068704 0.01430615164520744 0.039122137404580155
0 0.6834763948497854 0.8668893129770993 0.02503576537911302 0.03148854961832061
0 0.5407725321888412 0.4222328244274809 0.01859799713876967 0.03148854961832061
0 0.698140200286123 0.21851145038167938 0.017167381974248927 0.03816793893129771
0 0.24070100143061515 0.10162213740458015 0.027896995708154508 0.039122137404580155
0 0.2296137339055794 0.11736641221374046 0.027181688125894134 0.03244274809160305
0 0.6094420600858369 0.023377862595419848 0.011444921316165951 0.04484732824427481
0 0.6005007153075823 0.03387404580152672 0.01072961373390558 0.03721374045801527
0 0.5175250357653791 0.05677480916030534 0.0178826895565093 0.039122137404580155
0 0.5497138769670958 0.04150763358778626 0.013590844062947067 0.04103053435114504
0 0.5643776824034334 0.03721374045801527 0.010014306151645207 0.04198473282442748
0 0.5811874105865522 0.023377862595419848 0.006437768240343348 0.042938931297709926
0 0.5915593705293276 0.022900763358778626 0.011444921316165951 0.03435114503816794
0 0.5997854077253219 0.01812977099236641 0.009298998569384835 0.03625954198473282
0 0.5368383404864091 0.020038167938931296 0.012160228898426323 0.030534351145038167
0 0.44957081545064376 0.02433206106870229 0.016452074391988557 0.03721374045801527
0 0.490343347639485 0.019083969465648856 0.007868383404864092 0.03816793893129771
0 0.48390557939914164 0.020038167938931296 0.01072961373390558 0.04007633587786259
0 0.4456366237482117 0.01812977099236641 0.012875536480686695 0.03625954198473282
0 0.4567238912732475 0.01383587786259542 0.007868383404864092 0.02767175572519084
0 0.5089413447782547 0.019561068702290078 0.01072961373390558 0.039122137404580155
0 0.526824034334764 0.014790076335877863 0.009298998569384835 0.029580152671755726
0 0.5472103004291845 0.01383587786259542 0.010014306151645207 0.02767175572519084
0 0.5550786838340487 0.011927480916030535 0.008583690987124463 0.02385496183206107
0 0.5618741058655222 0.016698473282442748 0.01072961373390558 0.03148854961832061
