0 0.2775 0.21 0.013571428571428571 0.039047619047619046
0 0.195 0.7561904761904762 0.03571428571428571 0.04
0 0.19178571428571428 0.7442857142857143 0.016428571428571428 0.02761904761904762
0 0.031071428571428573 0.8852380952380953 0.062142857142857146 0.2180952380952381
0 0.31642857142857145 0.6404761904761904 0.022857142857142857 0.05047619047619047
0 0.4567857142857143 0.6209523809523809 0.020714285714285713 0.04380952380952381
0 0.3271428571428571 0.07952380952380952 0.011428571428571429 0.037142857142857144
0 0.33107142857142857 0.06619047619047619 0.012142857142857143 0.04285714285714286
0 0.7271428571428571 0.15761904761904763 0.014285714285714285 0.04476190476190476
0 0.6121428571428571 0.24523809523809523 0.014285714285714285 0.02761904761904762
0 0.6125 0.24142857142857144 0.013571428571428571 0.03333333333333333
