0 0.12857142857142856 0.530952380952381 0.025714285714285714 0.039047619047619046
0 0.5107142857142857 0.4338095238095238 0.01 0.04857142857142857
0 0.0525 0.10571428571428572 0.015 0.04
0 0.04214285714285714 0.10761904761904761 0.015714285714285715 0.04380952380952381
0 0.3657142857142857 0.2795238095238095 0.012857142857142857 0.05047619047619047
0 0.5325 0.4061904761904762 0.019285714285714285 0.04285714285714286
0 0.5917857142857142 0.3333333333333333 0.017857142857142856 0.03428571428571429
0 0.006071428571428571 0.09619047619047619 0.012142857142857143 0.02666666666666667
0 0.12535714285714286 0.18904761904761905 0.013571428571428571 0.023809523809523808
0 0.3025 0.2571428571428571 0.013571428571428571 0.045714285714285714
0 0.41285714285714287 0.3271428571428571 0.012857142857142857 0.04285714285714286
0 0.4375 0.28523809523809524 0.015 0.03142857142857143
0 0.3960714285714286 0.18571428571428572 0.012142857142857143 0.0419047619047619
0 0.4592857142857143 0.30714285714285716 0.01 0.018095238095238095
0 0.5332142857142858 0.3295238095238095 0.013571428571428571 0.02666666666666667
0 0.5382142857142858 0.3142857142857143 0.009285714285714286 0.03238095238095238
0 0.5467857142857143 0.30333333333333334 0.012142857142857143 0.03333333333333333
0 0.49607142857142855 0.23714285714285716 0.015 0.03619047619047619
0 0.2225 0.13380952380952382 0.016428571428571428 0.037142857142857144
0 0.3439285714285714 0.2119047619047619 0.012142857142857143 0.04476190476190476
0 0.36142857142857143 0.2057142857142857 0.012857142857142857 0.045714285714285714
0 0.28464285714285714 0.21428571428571427 0.015 0.0419047619047619
0 0.2357142857142857 0.1819047619047619 0.014285714285714285 0.03619047619047619
0 0.3460714285714286 0.18 0.009285714285714286 0.024761904761904763
0 0.3053571428571429 0.18476190476190477 0.012142857142857143 0.03428571428571429
