0 0.4975 0.8961904761904762 0.010714285714285714 0.022857142857142857
0 0.24464285714285713 0.8061904761904762 0.013571428571428571 0.023809523809523808
0 0.2621428571428571 0.7609523809523809 0.014285714285714285 0.02095238095238095
0 0.25214285714285717 0.7514285714285714 0.014285714285714285 0.022857142857142857
0 0.5910714285714286 0.7085714285714285 0.009285714285714286 0.013333333333333334
0 0.5946428571428571 0.7057142857142857 0.009285714285714286 0.015238095238095238
0 0.5982142857142857 0.7023809523809523 0.010714285714285714 0.014285714285714285
0 0.6571428571428571 0.7619047619047619 0.011428571428571429 0.022857142857142857
0 0.6546428571428572 0.7552380952380953 0.012142857142857143 0.022857142857142857
0 0.6864285714285714 0.6742857142857143 0.011428571428571429 0.022857142857142857
0 0.6564285714285715 0.5961904761904762 0.007142857142857143 0.01904761904761905
0 0.8232142857142857 0.5995238095238096 0.013571428571428571 0.025714285714285714
0 0.8171428571428572 0.5971428571428572 0.012857142857142857 0.022857142857142857
0 0.8153571428571429 0.5880952380952381 0.012142857142857143 0.023809523809523808
0 0.8117857142857143 0.5804761904761905 0.012142857142857143 0.023809523809523808
0 0.8610714285714286 0.5523809523809524 0.012142857142857143 0.022857142857142857
0 0.8560714285714286 0.5485714285714286 0.013571428571428571 0.024761904761904763
0 0.9835714285714285 0.3395238095238095 0.012857142857142857 0.018095238095238095
