0 0.5896428571428571 0.731904761904762 0.005 0.018095238095238095
0 0.30107142857142855 0.6657142857142857 0.010714285714285714 0.022857142857142857
0 0.2907142857142857 0.6676190476190477 0.007142857142857143 0.01904761904761905
0 0.42142857142857143 0.22285714285714286 0.0014285714285714286 0.009523809523809525
0 0.42892857142857144 0.2123809523809524 0.002142857142857143 0.007619047619047619
0 0.42464285714285716 0.20904761904761904 0.002142857142857143 0.006666666666666667
0 0.4525 0.20476190476190476 0.002142857142857143 0.007619047619047619
0 0.13 0.5885714285714285 0.004285714285714286 0.011428571428571429
0 0.29392857142857143 0.5052380952380953 0.005 0.012380952380952381
0 0.8675 0.8914285714285715 0.007857142857142858 0.015238095238095238
0 0.41678571428571426 0.26476190476190475 0.0035714285714285713 0.011428571428571429
0 0.5296428571428572 0.29095238095238096 0.002142857142857143 0.008571428571428572
