0 0.49964285714285717 0.350253807106599 0.007857142857142858 0.015228426395939087
0 0.4067857142857143 0.5387055837563451 0.012142857142857143 0.011421319796954314
0 0.18678571428571428 0.5222081218274112 0.012142857142857143 0.008883248730964468
0 0.5610714285714286 0.8845177664974619 0.007857142857142858 0.015228426395939087
0 0.5317857142857143 0.8927664974619289 0.005 0.013959390862944163
0 0.5239285714285714 0.8845177664974619 0.009285714285714286 0.02030456852791878
0 0.5025 0.9060913705583756 0.0064285714285714285 0.015228426395939087
0 0.2975 0.9124365482233503 0.010714285714285714 0.017766497461928935
0 0.5821428571428572 0.9016497461928934 0.008571428571428572 0.024111675126903553
0 0.5457142857142857 0.9054568527918782 0.008571428571428572 0.013959390862944163
0 0.5507142857142857 0.9168781725888325 0.01 0.01649746192893401
