0 0.07035714285714285 0.2068527918781726 0.007857142857142858 0.027918781725888325
0 0.07535714285714286 0.20939086294416243 0.0064285714285714285 0.015228426395939087
0 0.03428571428571429 0.03553299492385787 0.005714285714285714 0.02030456852791878
0 0.0325 0.04949238578680203 0.0064285714285714285 0.02284263959390863
0 0.022857142857142857 0.011421319796954314 0.005714285714285714 0.017766497461928935
0 0.027857142857142858 0.037436548223350255 0.004285714285714286 0.013959390862944163
0 0.23714285714285716 0.20241116751269037 0.005714285714285714 0.0266497461928934
0 0.23035714285714284 0.20114213197969544 0.0064285714285714285 0.0266497461928934
0 0.24642857142857144 0.24175126903553298 0.005714285714285714 0.0266497461928934
0 0.23892857142857143 0.2468274111675127 0.007857142857142858 0.02918781725888325
0 0.4110714285714286 0.5450507614213198 0.007857142857142858 0.02918781725888325
0 0.36607142857142855 0.41814720812182743 0.007857142857142858 0.031725888324873094
0 0.10357142857142858 0.2893401015228426 0.007142857142857143 0.025380710659898477
0 0.095 0.2918781725888325 0.007142857142857143 0.025380710659898477
0 0.04107142857142857 0.10977157360406091 0.005 0.01903553299492386
0 0.08928571428571429 0.1967005076142132 0.005714285714285714 0.02284263959390863
0 0.07892857142857143 0.19796954314720813 0.005 0.02284263959390863
0 0.048214285714285716 0.09581218274111675 0.005 0.01903553299492386
0 0.16357142857142856 0.06281725888324872 0.005714285714285714 0.021573604060913704
0 0.16285714285714287 0.09073604060913705 0.005714285714285714 0.021573604060913704
0 0.16714285714285715 0.08629441624365482 0.005714285714285714 0.017766497461928935
0 0.1725 0.08819796954314721 0.0064285714285714285 0.021573604060913704
0 0.023571428571428573 0.03489847715736041 0.004285714285714286 0.01649746192893401
