0 0.61575 0.5446666666666666 0.0195 0.028
0 0.66375 0.3943333333333333 0.0285 0.024666666666666667
0 0.7155 0.39066666666666666 0.017 0.017333333333333333
0 0.7435 0.38 0.029 0.03333333333333333
0 0.738 0.421 0.023 0.028666666666666667
0 0.75275 0.5003333333333333 0.0225 0.022
0 0.764 0.48733333333333334 0.025 0.02266666666666667
0 0.829 0.5933333333333334 0.024 0.029333333333333333
0 0.84675 0.5986666666666667 0.0295 0.016
0 0.917 0.7043333333333334 0.04 0.024666666666666667
0 0.91475 0.8266666666666667 0.0415 0.034666666666666665
0 0.585 0.24666666666666667 0.014 0.03866666666666667
0 0.63025 0.245 0.0185 0.03666666666666667
