0 0.5571503131524008 0.6433209647495362 0.015135699373695199 0.038033395176252316
0 0.6145615866388309 0.6767161410018553 0.016179540709812108 0.038033395176252316
0 0.5300104384133612 0.4601113172541744 0.009916492693110648 0.03339517625231911
0 0.6247390396659708 0.3812615955473098 0.008350730688935281 0.012987012987012988
0 0.5874217118997912 0.35992578849721707 0.007828810020876827 0.03339517625231911
0 0.6067327766179541 0.3515769944341373 0.007828810020876827 0.02040816326530612
0 0.6022964509394572 0.3492578849721707 0.010438413361169102 0.023191094619666047
0 0.3144572025052192 0.40862708719851576 0.012004175365344467 0.023191094619666047
0 0.33376826722338204 0.4174397031539889 0.007828810020876827 0.02040816326530612
0 0.4196242171189979 0.2880333951762523 0.006263048016701462 0.01948051948051948
0 0.4825156576200417 0.31539888682745826 0.006784968684759917 0.01855287569573284
0 0.5326200417536534 0.3144712430426716 0.005741127348643006 0.027829313543599257
0 0.5365344467640919 0.3112244897959184 0.008350730688935281 0.030612244897959183
0 0.42588726513569936 0.24025974025974026 0.0041753653444676405 0.011131725417439703
0 0.4945198329853862 0.22356215213358072 0.0026096033402922755 0.012987012987012988
0 0.48956158663883087 0.2305194805194805 0.0041753653444676405 0.012059369202226345
0 0.4102296450939457 0.2212430426716141 0.003131524008350731 0.01020408163265306
0 0.4099686847599165 0.22031539888682747 0.0036534446764091857 0.012059369202226345
0 0.39509394572025053 0.1859925788497217 0.003131524008350731 0.006493506493506494
0 0.37108559498956156 0.18042671614100186 0.0020876826722338203 0.006493506493506494
0 0.36143006263048016 0.16280148423005567 0.0015657620041753654 0.00463821892393321
0 0.397964509394572 0.1683673469387755 0.0026096033402922755 0.00463821892393321
