0 0.10071428571428571 0.6861904761904762 0.012857142857142857 0.010476190476190476
0 0.26321428571428573 0.6576190476190477 0.010714285714285714 0.008571428571428572
0 0.37464285714285717 0.6090476190476191 0.010714285714285714 0.010476190476190476
0 0.19071428571428573 0.5342857142857143 0.008571428571428572 0.009523809523809525
0 0.24928571428571428 0.44761904761904764 0.01 0.011428571428571429
0 0.2625 0.44285714285714284 0.009285714285714286 0.011428571428571429
0 0.15 0.5614285714285714 0.011428571428571429 0.014285714285714285
0 0.27464285714285713 0.39714285714285713 0.009285714285714286 0.011428571428571429
0 0.255 0.28714285714285714 0.007142857142857143 0.010476190476190476
0 0.24928571428571428 0.2795238095238095 0.007142857142857143 0.010476190476190476
0 0.25821428571428573 0.2752380952380952 0.012142857142857143 0.013333333333333334
0 0.3375 0.2561904761904762 0.009285714285714286 0.01904761904761905
0 0.3271428571428571 0.1295238095238095 0.008571428571428572 0.017142857142857144
0 0.54 0.7180952380952381 0.007142857142857143 0.015238095238095238
0 0.5582142857142857 0.6480952380952381 0.010714285714285714 0.01619047619047619
0 0.5746428571428571 0.66 0.012142857142857143 0.017142857142857144
0 0.6128571428571429 0.621904761904762 0.008571428571428572 0.007619047619047619
0 0.4303571428571429 0.4976190476190476 0.0064285714285714285 0.008571428571428572
0 0.36964285714285716 0.43523809523809526 0.0064285714285714285 0.013333333333333334
0 0.6614285714285715 0.2785714285714286 0.008571428571428572 0.014285714285714285
0 0.5042857142857143 0.12523809523809523 0.008571428571428572 0.014285714285714285
0 0.4546428571428571 0.1138095238095238 0.007857142857142858 0.010476190476190476
0 0.46714285714285714 0.11714285714285715 0.007142857142857143 0.013333333333333334
0 0.48214285714285715 0.1019047619047619 0.007142857142857143 0.013333333333333334
0 0.4632142857142857 0.10238095238095238 0.0064285714285714285 0.008571428571428572
0 0.4685714285714286 0.09047619047619047 0.007142857142857143 0.015238095238095238
0 0.5085714285714286 0.07952380952380952 0.005714285714285714 0.012380952380952381
0 0.49892857142857144 0.0680952380952381 0.0064285714285714285 0.018095238095238095
0 0.48392857142857143 0.05619047619047619 0.007857142857142858 0.011428571428571429
0 0.48964285714285716 0.05238095238095238 0.009285714285714286 0.009523809523809525
0 0.6821428571428572 0.018095238095238095 0.008571428571428572 0.013333333333333334
0 0.6646428571428571 0.940952380952381 0.007857142857142858 0.011428571428571429
0 0.7514285714285714 0.5328571428571428 0.01 0.010476190476190476
0 0.8660714285714286 0.06761904761904762 0.0064285714285714285 0.011428571428571429
0 0.8653571428571428 0.062380952380952384 0.009285714285714286 0.01619047619047619
