0 0.7285 0.944 0.109 0.112
0 0.49025 0.947 0.0355 0.078
0 0.882 0.9333333333333333 0.043 0.07733333333333334
0 0.70875 0.5313333333333333 0.0175 0.06133333333333333
0 0.542 0.693 0.025 0.058
0 0.4525 0.7226666666666667 0.028 0.068
0 0.45 0.6746666666666666 0.015 0.04533333333333334
0 0.4715 0.6303333333333333 0.019 0.06866666666666667
0 0.49525 0.634 0.0195 0.06666666666666667
0 0.53975 0.5553333333333333 0.0215 0.06133333333333333
0 0.55625 0.5326666666666666 0.0185 0.056
0 0.53075 0.539 0.0145 0.048666666666666664
0 0.54175 0.5273333333333333 0.0175 0.052
0 0.58225 0.4656666666666667 0.0175 0.03266666666666666
0 0.68825 0.471 0.0145 0.048666666666666664
0 0.68675 0.434 0.0155 0.05333333333333334
0 0.689 0.427 0.016 0.051333333333333335
0 0.67925 0.42866666666666664 0.0125 0.030666666666666665
0 0.67575 0.4033333333333333 0.0145 0.04533333333333334
0 0.63825 0.38033333333333336 0.0145 0.042
0 0.531 0.4583333333333333 0.011 0.022
0 0.53025 0.43166666666666664 0.0155 0.042
0 0.5155 0.43166666666666664 0.014 0.043333333333333335
0 0.47325 0.45266666666666666 0.0195 0.056
0 0.59075 0.37266666666666665 0.0155 0.048
0 0.6075 0.35933333333333334 0.016 0.030666666666666665
0 0.61525 0.3453333333333333 0.0155 0.03333333333333333
0 0.657 0.321 0.016 0.042
0 0.67875 0.314 0.0115 0.04
0 0.6435 0.31766666666666665 0.013 0.046
0 0.59425 0.33366666666666667 0.0115 0.04066666666666666
0 0.58125 0.3476666666666667 0.0115 0.043333333333333335
0 0.5535 0.342 0.013 0.042666666666666665
0 0.62625 0.2926666666666667 0.0105 0.036
0 0.605 0.2836666666666667 0.013 0.03133333333333333
0 0.48925 0.311 0.0145 0.023333333333333334
0 0.5115 0.2986666666666667 0.008 0.034666666666666665
0 0.55175 0.30466666666666664 0.0125 0.03866666666666667
0 0.5665 0.301 0.01 0.03666666666666667
0 0.5615 0.28933333333333333 0.013 0.03866666666666667
0 0.54625 0.2876666666666667 0.0095 0.035333333333333335
0 0.55175 0.2796666666666667 0.0095 0.03133333333333333
0 0.551 0.272 0.011 0.029333333333333333
0 0.53675 0.286 0.0085 0.036
0 0.54025 0.2803333333333333 0.0065 0.023333333333333334
0 0.49575 0.2803333333333333 0.0095 0.03266666666666666
0 0.61975 0.229 0.0135 0.03266666666666666
0 0.65725 0.20433333333333334 0.0055 0.020666666666666667
0 0.797 0.20033333333333334 0.006 0.022
0 0.64275 0.20566666666666666 0.0075 0.019333333333333334
0 0.62875 0.205 0.0055 0.019333333333333334
0 0.61725 0.20566666666666666 0.0055 0.019333333333333334
0 0.6085 0.205 0.006 0.019333333333333334
0 0.61175 0.20033333333333334 0.0055 0.019333333333333334
0 0.5655 0.208 0.009 0.017333333333333333
0 0.52075 0.225 0.0105 0.023333333333333334
0 0.5325 0.21233333333333335 0.008 0.028666666666666667
0 0.51875 0.20766666666666667 0.0065 0.019333333333333334
0 0.50675 0.209 0.0085 0.023333333333333334
0 0.5345 0.18666666666666668 0.008 0.021333333333333333
0 0.527 0.184 0.007 0.024
0 0.535 0.18333333333333332 0.007 0.024
0 0.49 0.24633333333333332 0.009 0.026
0 0.481 0.25233333333333335 0.009 0.026
0 0.484 0.24233333333333335 0.009 0.026
0 0.472 0.242 0.009 0.025333333333333333
0 0.462 0.225 0.007 0.026
0 0.4655 0.20966666666666667 0.01 0.018
0 0.34325 0.25233333333333335 0.0095 0.03
0 0.3465 0.24533333333333332 0.009 0.032
0 0.33675 0.25033333333333335 0.0085 0.03
0 0.33025 0.24833333333333332 0.0085 0.03
0 0.30275 0.3293333333333333 0.0135 0.028
0 0.3045 0.3426666666666667 0.014 0.03866666666666667
0 0.2935 0.39066666666666666 0.011 0.028
0 0.3435 0.38866666666666666 0.011 0.028
0 0.30725 0.38666666666666666 0.0135 0.032
0 0.314 0.3516666666666667 0.015 0.038
0 0.36725 0.3253333333333333 0.0145 0.029333333333333333
0 0.33575 0.376 0.0125 0.034666666666666665
0 0.36775 0.38 0.0105 0.03333333333333333
0 0.3575 0.368 0.011 0.04
0 0.4495 0.358 0.012 0.04
0 0.42775 0.372 0.0135 0.030666666666666665
0 0.47925 0.3516666666666667 0.0165 0.042
