0 0.2025 0.31523809523809526 0.017857142857142856 0.022857142857142857
0 0.2017857142857143 0.3419047619047619 0.013571428571428571 0.02095238095238095
0 0.30464285714285716 0.39571428571428574 0.016428571428571428 0.021904761904761906
0 0.12607142857142858 0.5666666666666667 0.03214285714285714 0.017142857142857144
0 0.31857142857142856 0.4961904761904762 0.015714285714285715 0.02095238095238095
0 0.6057142857142858 0.7276190476190476 0.011428571428571429 0.013333333333333334
0 0.7428571428571429 0.6938095238095238 0.017142857142857144 0.014285714285714285
0 0.44571428571428573 0.5395238095238095 0.008571428571428572 0.014285714285714285
0 0.5260714285714285 0.3647619047619048 0.010714285714285714 0.02095238095238095
0 0.5178571428571429 0.2947619047619048 0.01 0.021904761904761906
0 0.5435714285714286 0.08142857142857143 0.011428571428571429 0.025714285714285714
