0 0.7707142857142857 0.5314285714285715 0.005714285714285714 0.01904761904761905
0 0.1692857142857143 0.8766666666666667 0.011428571428571429 0.02
0 0.8314285714285714 0.67 0.008571428571428572 0.014285714285714285
0 0.8046428571428571 0.7157142857142857 0.007857142857142858 0.01619047619047619
0 0.8557142857142858 0.7114285714285714 0.005714285714285714 0.009523809523809525
0 0.8589285714285714 0.7076190476190476 0.009285714285714286 0.011428571428571429
0 0.9660714285714286 0.36714285714285716 0.009285714285714286 0.01619047619047619
0 0.4496428571428571 0.13666666666666666 0.0035714285714285713 0.010476190476190476
0 0.44571428571428573 0.13523809523809524 0.004285714285714286 0.007619047619047619
0 0.47 0.15142857142857144 0.002857142857142857 0.013333333333333334
0 0.45321428571428574 0.1295238095238095 0.005 0.011428571428571429
0 0.4382142857142857 0.12761904761904763 0.0035714285714285713 0.011428571428571429
0 0.4114285714285714 0.14857142857142858 0.002857142857142857 0.007619047619047619
0 0.4125 0.11285714285714285 0.0035714285714285713 0.006666666666666667
0 0.26964285714285713 0.10523809523809524 0.0035714285714285713 0.006666666666666667
0 0.2596428571428571 0.012857142857142857 0.002142857142857143 0.004761904761904762
0 0.055357142857142855 0.007619047619047619 0.0035714285714285713 0.005714285714285714
0 0.08107142857142857 0.4452380952380952 0.0064285714285714285 0.010476190476190476
0 0.09821428571428571 0.44142857142857145 0.007857142857142858 0.010476190476190476
0 0.09928571428571428 0.43714285714285717 0.01 0.015238095238095238
