0 0.3123695198329854 0.1679035250463822 0.006784968684759917 0.02040816326530612
0 0.4997390396659708 0.8047309833024119 0.019311064718162838 0.0287569573283859
0 0.5610647181628392 0.6836734693877551 0.011482254697286013 0.03525046382189239
0 0.6051670146137788 0.5162337662337663 0.010960334029227558 0.023191094619666047
0 0.5686325678496869 0.44109461966604824 0.008872651356993737 0.0287569573283859
0 0.5237473903966597 0.3817254174397032 0.005741127348643006 0.026901669758812616
0 0.5274008350730689 0.3780148423005566 0.007828810020876827 0.02504638218923933
0 0.550365344467641 0.37755102040816324 0.012004175365344467 0.029684601113172542
0 0.5576722338204593 0.349721706864564 0.010960334029227558 0.025974025974025976
0 0.6811064718162839 0.8024118738404453 0.012526096033402923 0.03153988868274583
0 0.8684759916492694 0.8409090909090909 0.013569937369519834 0.039888682745825604
0 0.6787578288100209 0.3344155844155844 0.004697286012526096 0.013914656771799629
0 0.6790187891440501 0.3395176252319109 0.007306889352818371 0.03339517625231911
0 0.6688413361169102 0.33719851576994436 0.004697286012526096 0.023191094619666047
0 0.6589248434237995 0.3450834879406308 0.004697286012526096 0.01855287569573284
0 0.6967640918580376 0.30241187384044527 0.007306889352818371 0.02411873840445269
0 0.6808455114822547 0.3014842300556586 0.007828810020876827 0.01855287569573284
0 0.6743215031315241 0.288961038961039 0.009394572025052192 0.02504638218923933
0 0.6714509394572025 0.29916512059369205 0.005741127348643006 0.01948051948051948
0 0.6730167014613778 0.3047309833024119 0.007828810020876827 0.017625231910946195
0 0.6758872651356994 0.3079777365491651 0.008350730688935281 0.016697588126159554
0 0.7249478079331941 0.23840445269016697 0.007306889352818371 0.027829313543599257
0 0.5782881002087683 0.25510204081632654 0.007306889352818371 0.02411873840445269
0 0.5639352818371608 0.1442486085343228 0.006784968684759917 0.01948051948051948
0 0.6456158663883089 0.12059369202226346 0.005219206680584551 0.022263450834879406
0 0.6524008350730689 0.1261595547309833 0.005219206680584551 0.02040816326530612
0 0.6521398747390397 0.09786641929499072 0.004697286012526096 0.021335807050092765
0 0.6317849686847599 0.10946196660482375 0.006784968684759917 0.022263450834879406
0 0.6161273486430062 0.055658627087198514 0.004697286012526096 0.016697588126159554
0 0.5918580375782881 0.048701298701298704 0.005219206680584551 0.01948051948051948
0 0.6103862212943633 0.026437847866419294 0.004697286012526096 0.017625231910946195
