0 0.06607142857142857 0.5196700507614214 0.023571428571428573 0.046954314720812185
0 0.08142857142857143 0.5158629441624365 0.02 0.04949238578680203
0 0.32571428571428573 0.5456852791878173 0.011428571428571429 0.03553299492385787
0 0.3585714285714286 0.4993654822335025 0.011428571428571429 0.031725888324873094
0 0.4064285714285714 0.4600253807106599 0.01 0.03934010152284264
0 0.47035714285714286 0.4606598984771574 0.016428571428571428 0.03553299492385787
0 0.4539285714285714 0.44352791878172587 0.009285714285714286 0.03680203045685279
0 0.44607142857142856 0.44289340101522845 0.009285714285714286 0.03299492385786802
0 0.4982142857142857 0.42449238578680204 0.009285714285714286 0.02918781725888325
0 0.5325 0.4619289340101523 0.007857142857142858 0.03553299492385787
0 0.5964285714285714 0.5469543147208121 0.012857142857142857 0.030456852791878174
0 0.7017857142857142 0.5095177664974619 0.012142857142857143 0.031725888324873094
0 0.7567857142857143 0.5272842639593909 0.016428571428571428 0.031725888324873094
0 0.31035714285714283 0.5323604060913706 0.020714285714285713 0.03934010152284264
0 0.44571428571428573 0.43718274111675126 0.008571428571428572 0.031725888324873094
0 0.49785714285714283 0.4098984771573604 0.008571428571428572 0.027918781725888325
0 0.47214285714285714 0.4447969543147208 0.008571428571428572 0.0266497461928934
0 0.24464285714285713 0.34454314720812185 0.015 0.044416243654822336
0 0.09964285714285714 0.5317258883248731 0.016428571428571428 0.03807106598984772
0 0.12535714285714286 0.04378172588832487 0.025 0.04949238578680203
0 0.18821428571428572 0.6351522842639594 0.020714285714285713 0.03680203045685279
