0 0.8105 0.552 0.011 0.048
0 0.58725 0.225 0.0055 0.020666666666666667
0 0.57225 0.25 0.0095 0.014666666666666666
0 0.5775 0.18566666666666667 0.006 0.011333333333333334
0 0.56175 0.10233333333333333 0.0035 0.006
0 0.55775 0.08333333333333333 0.0045 0.006666666666666667
0 0.5505 0.05533333333333333 0.002 0.005333333333333333
0 0.545 0.060333333333333336 0.003 0.004666666666666667
0 0.21825 0.2816666666666667 0.0085 0.027333333333333334
0 0.22875 0.2876666666666667 0.0085 0.03133333333333333
0 0.371 0.19466666666666665 0.006 0.02266666666666667
