0 0.38975 0.462 0.0135 0.036
0 0.957 0.9473333333333334 0.032 0.02266666666666667
0 0.9115 0.9146666666666666 0.024 0.05333333333333334
0 0.92275 0.61 0.0215 0.032
0 0.87725 0.637 0.0185 0.03266666666666666
0 0.7515 0.32966666666666666 0.01 0.03
0 0.743 0.197 0.01 0.018
0 0.74325 0.2 0.0075 0.014666666666666666
0 0.74275 0.08366666666666667 0.0045 0.014
0 0.492 0.24966666666666668 0.007 0.022
0 0.47875 0.24566666666666667 0.0055 0.022
0 0.558 0.12066666666666667 0.007 0.017333333333333333
0 0.5685 0.09966666666666667 0.004 0.016666666666666666
0 0.5335 0.09033333333333333 0.004 0.019333333333333334
0 0.60375 0.03133333333333333 0.0035 0.014666666666666666
0 0.59875 0.030666666666666665 0.0045 0.012
0 0.7585 0.051666666666666666 0.003 0.012666666666666666
