0 0.9557142857142857 0.9147619047619048 0.008571428571428572 0.03142857142857143
0 0.9671428571428572 0.919047619047619 0.008571428571428572 0.02857142857142857
0 0.8228571428571428 0.8395238095238096 0.007142857142857143 0.023809523809523808
0 0.9867857142857143 0.7314285714285714 0.0035714285714285713 0.013333333333333334
0 0.9928571428571429 0.7366666666666667 0.002857142857142857 0.01619047619047619
0 0.9978571428571429 0.7357142857142858 0.002857142857142857 0.014285714285714285
0 0.6592857142857143 0.88 0.008571428571428572 0.024761904761904763
0 0.6346428571428572 0.8666666666666667 0.0064285714285714285 0.024761904761904763
0 0.5857142857142857 0.8847619047619047 0.008571428571428572 0.024761904761904763
0 0.5346428571428572 0.8538095238095238 0.007857142857142858 0.021904761904761906
0 0.4685714285714286 0.9395238095238095 0.01 0.029523809523809525
0 0.4357142857142857 0.949047619047619 0.007142857142857143 0.03142857142857143
0 0.4421428571428571 0.8657142857142858 0.005714285714285714 0.022857142857142857
0 0.40964285714285714 0.8323809523809523 0.005 0.022857142857142857
0 0.42178571428571426 0.7752380952380953 0.005 0.01904761904761905
0 0.44107142857142856 0.7814285714285715 0.0035714285714285713 0.01619047619047619
0 0.4714285714285714 0.7876190476190477 0.004285714285714286 0.01904761904761905
0 0.47964285714285715 0.7885714285714286 0.005 0.02095238095238095
0 0.33714285714285713 0.7371428571428571 0.004285714285714286 0.013333333333333334
0 0.40714285714285714 0.7052380952380952 0.004285714285714286 0.012380952380952381
0 0.42607142857142855 0.719047619047619 0.005 0.011428571428571429
0 0.4235714285714286 0.6904761904761905 0.004285714285714286 0.013333333333333334
0 0.2546428571428571 0.7566666666666667 0.005 0.010476190476190476
0 0.2517857142857143 0.6338095238095238 0.0035714285714285713 0.006666666666666667
0 0.25107142857142856 0.6190476190476191 0.002142857142857143 0.007619047619047619
0 0.27035714285714285 0.5885714285714285 0.002142857142857143 0.005714285714285714
0 0.2557142857142857 0.5652380952380952 0.0014285714285714286 0.004761904761904762
0 0.24428571428571427 0.6238095238095238 0.002857142857142857 0.007619047619047619
0 0.44285714285714284 0.7323809523809524 0.004285714285714286 0.013333333333333334
0 0.5978571428571429 0.8433333333333334 0.005714285714285714 0.01619047619047619
0 0.6696428571428571 0.8233333333333334 0.005 0.018095238095238095
