0 0.41875 0.409 0.0045 0.014
0 0.46525 0.4023333333333333 0.0045 0.007333333333333333
0 0.4635 0.4003333333333333 0.004 0.007333333333333333
0 0.467 0.4003333333333333 0.005 0.008666666666666666
0 0.53625 0.40166666666666667 0.0065 0.015333333333333332
0 0.52675 0.419 0.0045 0.015333333333333332
0 0.56525 0.4063333333333333 0.0035 0.011333333333333334
0 0.564 0.4046666666666667 0.004 0.013333333333333334
0 0.572 0.39866666666666667 0.005 0.012
0 0.579 0.4076666666666667 0.004 0.012666666666666666
0 0.5835 0.411 0.004 0.014
0 0.59025 0.41733333333333333 0.0045 0.014666666666666666
0 0.589 0.415 0.006 0.015333333333333332
0 0.51325 0.43366666666666664 0.0055 0.014
0 0.52025 0.43833333333333335 0.0045 0.015333333333333332
0 0.51925 0.43366666666666664 0.0045 0.014
0 0.52275 0.434 0.0035 0.013333333333333334
0 0.52875 0.43233333333333335 0.0045 0.011333333333333334
0 0.5475 0.446 0.004 0.016
0 0.51025 0.5266666666666666 0.0065 0.021333333333333333
0 0.4785 0.674 0.01 0.02
0 0.50525 0.672 0.0095 0.018666666666666668
0 0.4025 0.9643333333333334 0.013 0.019333333333333334
0 0.4105 0.9366666666666666 0.013 0.032
0 0.57275 0.5366666666666666 0.0075 0.02
0 0.62425 0.5493333333333333 0.0065 0.02266666666666667
0 0.64775 0.4573333333333333 0.0045 0.016
0 0.64325 0.4563333333333333 0.0035 0.01
0 0.614 0.39466666666666667 0.004 0.013333333333333334
0 0.61625 0.3973333333333333 0.0035 0.012
0 0.6215 0.4023333333333333 0.004 0.015333333333333332
0 0.63325 0.414 0.0055 0.017333333333333333
0 0.63625 0.4146666666666667 0.0045 0.012
0 0.642 0.403 0.005 0.016666666666666666
0 0.64675 0.3953333333333333 0.0045 0.016
0 0.6515 0.3943333333333333 0.004 0.015333333333333332
0 0.65675 0.38333333333333336 0.0035 0.014666666666666666
0 0.66 0.38766666666666666 0.004 0.015333333333333332
0 0.66075 0.34933333333333333 0.0035 0.008
0 0.6675 0.3566666666666667 0.004 0.010666666666666666
0 0.66125 0.33666666666666667 0.0045 0.008
0 0.66825 0.3473333333333333 0.0035 0.012
0 0.67125 0.3283333333333333 0.0035 0.011333333333333334
0 0.686 0.3233333333333333 0.003 0.012
0 0.698 0.31466666666666665 0.003 0.008
0 0.69925 0.322 0.0035 0.009333333333333334
