0 0.017484342379958245 0.3098330241187384 0.012004175365344467 0.022263450834879406
0 0.014352818371607515 0.3033395176252319 0.012004175365344467 0.022263450834879406
0 0.13204592901878914 0.2606679035250464 0.008350730688935281 0.03339517625231911
0 0.14796450939457204 0.3395176252319109 0.008872651356993737 0.022263450834879406
0 0.1837160751565762 0.30844155844155846 0.007306889352818371 0.023191094619666047
0 0.2176409185803758 0.2755102040816326 0.009394572025052192 0.02411873840445269
0 0.24869519832985387 0.2755102040816326 0.006784968684759917 0.02411873840445269
0 0.270615866388309 0.23747680890538034 0.006784968684759917 0.02040816326530612
0 0.1174321503131524 0.9053803339517625 0.015657620041753653 0.01855287569573284
0 0.10960334029227557 0.9675324675324676 0.016701461377870562 0.02040816326530612
0 0.40083507306889354 0.6335807050092764 0.009394572025052192 0.022263450834879406
0 0.3948329853862213 0.6289424860853432 0.007828810020876827 0.02411873840445269
0 0.3442066805845512 0.17764378478664192 0.005741127348643006 0.021335807050092765
0 0.4308455114822547 0.11178107606679036 0.005741127348643006 0.021335807050092765
0 0.427713987473904 0.1150278293135436 0.004697286012526096 0.02040816326530612
0 0.4822546972860125 0.15955473098330242 0.008350730688935281 0.00927643784786642
0 0.47964509394572025 0.4805194805194805 0.006263048016701462 0.016697588126159554
0 0.502348643006263 0.061224489795918366 0.0036534446764091857 0.01855287569573284
0 0.49843423799582465 0.06261595547309833 0.0041753653444676405 0.01948051948051948
0 0.5120041753653445 0.03153988868274583 0.007306889352818371 0.02411873840445269
0 0.5594989561586639 0.012523191094619666 0.006263048016701462 0.01948051948051948
0 0.49947807933194155 0.02922077922077922 0.006263048016701462 0.026901669758812616
