0 0.4575 0.28 0.0035714285714285713 0.013333333333333334
0 0.4546428571428571 0.28285714285714286 0.0035714285714285713 0.009523809523809525
0 0.5092857142857142 0.2761904761904762 0.004285714285714286 0.013333333333333334
0 0.5217857142857143 0.27476190476190476 0.0035714285714285713 0.012380952380952381
0 0.4682142857142857 0.2704761904761905 0.0064285714285714285 0.015238095238095238
0 0.5271428571428571 0.24285714285714285 0.004285714285714286 0.013333333333333334
0 0.5810714285714286 0.22523809523809524 0.0035714285714285713 0.006666666666666667
0 0.42464285714285716 0.26 0.005 0.017142857142857144
0 0.47285714285714286 0.14238095238095239 0.002857142857142857 0.010476190476190476
0 0.4714285714285714 0.16047619047619047 0.004285714285714286 0.010476190476190476
0 0.4789285714285714 0.14285714285714285 0.0035714285714285713 0.011428571428571429
0 0.47535714285714287 0.1438095238095238 0.0035714285714285713 0.007619047619047619
0 0.4517857142857143 0.28904761904761905 0.0035714285714285713 0.010476190476190476
0 0.21107142857142858 0.3061904761904762 0.0035714285714285713 0.008571428571428572
0 0.21357142857142858 0.3076190476190476 0.004285714285714286 0.013333333333333334
0 0.2817857142857143 0.2995238095238095 0.0035714285714285713 0.010476190476190476
0 0.3107142857142857 0.4685714285714286 0.005714285714285714 0.017142857142857144
0 0.45714285714285713 0.5052380952380953 0.01 0.01619047619047619
0 0.7675 0.3538095238095238 0.005 0.012380952380952381
0 0.49964285714285717 0.2438095238095238 0.005 0.007619047619047619
