0 0.33214285714285713 0.8052380952380952 0.01 0.03142857142857143
0 0.32035714285714284 0.799047619047619 0.007857142857142858 0.02857142857142857
0 0.3517857142857143 0.7980952380952381 0.009285714285714286 0.03238095238095238
0 0.39035714285714285 0.8261904761904761 0.010714285714285714 0.039047619047619046
0 0.3492857142857143 0.7304761904761905 0.008571428571428572 0.030476190476190476
0 0.4667857142857143 0.5480952380952381 0.005 0.018095238095238095
0 0.4614285714285714 0.5480952380952381 0.005714285714285714 0.02761904761904762
0 0.4132142857142857 0.1361904761904762 0.0035714285714285713 0.011428571428571429
0 0.4307142857142857 0.06857142857142857 0.002857142857142857 0.011428571428571429
0 0.42428571428571427 0.06714285714285714 0.004285714285714286 0.012380952380952381
0 0.5432142857142858 0.1219047619047619 0.005 0.007619047619047619
0 0.5742857142857143 0.043333333333333335 0.002857142857142857 0.010476190476190476
0 0.5717857142857142 0.04380952380952381 0.0035714285714285713 0.013333333333333334
0 0.41678571428571426 0.11428571428571428 0.002142857142857143 0.011428571428571429
0 0.5871428571428572 0.6376190476190476 0.007142857142857143 0.014285714285714285
0 0.5617857142857143 0.36714285714285716 0.005 0.008571428571428572
0 0.5675 0.23904761904761904 0.0035714285714285713 0.009523809523809525
0 0.5971428571428572 0.12238095238095238 0.002857142857142857 0.012380952380952381
0 0.5935714285714285 0.1219047619047619 0.002857142857142857 0.013333333333333334
0 0.6189285714285714 0.2538095238095238 0.0035714285714285713 0.006666666666666667
0 0.6921428571428572 0.31952380952380954 0.005714285714285714 0.018095238095238095
0 0.7014285714285714 0.3233333333333333 0.005714285714285714 0.023809523809523808
0 0.7135714285714285 0.33666666666666667 0.005714285714285714 0.023809523809523808
0 0.6596428571428572 0.5476190476190477 0.010714285714285714 0.02666666666666667
0 0.7160714285714286 0.6190476190476191 0.005 0.007619047619047619
0 0.7632142857142857 0.5071428571428571 0.0064285714285714285 0.021904761904761906
