0 0.36857142857142855 0.18285714285714286 0.014285714285714285 0.030476190476190476
0 0.22535714285714287 0.10761904761904761 0.017857142857142856 0.03238095238095238
0 0.9582142857142857 0.22047619047619046 0.025 0.02761904761904762
0 0.7460714285714286 0.3028571428571429 0.019285714285714285 0.02095238095238095
0 0.7885714285714286 0.4514285714285714 0.017142857142857144 0.02095238095238095
0 0.9317857142857143 0.2742857142857143 0.020714285714285713 0.02666666666666667
0 0.9410714285714286 0.2780952380952381 0.009285714285714286 0.015238095238095238
0 0.7046428571428571 0.9119047619047619 0.020714285714285713 0.023809523809523808
0 0.6714285714285714 0.9419047619047619 0.02 0.030476190476190476
0 0.5003571428571428 0.7895238095238095 0.016428571428571428 0.02095238095238095
0 0.25142857142857145 0.7495238095238095 0.018571428571428572 0.02095238095238095
