0 0.6175 0.6668781725888325 0.009285714285714286 0.044416243654822336
0 0.625 0.6453045685279187 0.007142857142857143 0.04187817258883249
0 0.635 0.6351522842639594 0.008571428571428572 0.044416243654822336
0 0.7171428571428572 0.6192893401015228 0.015714285714285715 0.030456852791878174
0 0.4903571428571429 0.2918781725888325 0.013571428571428571 0.025380710659898477
0 0.4614285714285714 0.2766497461928934 0.004285714285714286 0.02284263959390863
0 0.4714285714285714 0.25761421319796957 0.008571428571428572 0.030456852791878174
0 0.5982142857142857 0.3236040609137056 0.0064285714285714285 0.030456852791878174
0 0.5896428571428571 0.29251269035532995 0.005 0.031725888324873094
0 0.6314285714285715 0.31916243654822335 0.005714285714285714 0.02918781725888325
0 0.6267857142857143 0.3147208121827411 0.0064285714285714285 0.03299492385786802
0 0.6689285714285714 0.3604060913705584 0.009285714285714286 0.025380710659898477
0 0.6117857142857143 0.2950507614213198 0.007857142857142858 0.031725888324873094
0 0.565 0.9289340101522843 0.012857142857142857 0.03553299492385787
0 0.5671428571428572 0.9815989847715736 0.011428571428571429 0.03426395939086294
0 0.4064285714285714 0.8559644670050761 0.007142857142857143 0.024111675126903553
0 0.4014285714285714 0.8692893401015228 0.01 0.027918781725888325
0 0.6425 0.28553299492385786 0.0064285714285714285 0.030456852791878174
0 0.6753571428571429 0.3153553299492386 0.007857142857142858 0.02918781725888325
0 0.6639285714285714 0.32741116751269034 0.007857142857142858 0.03299492385786802
0 0.6985714285714286 0.35088832487309646 0.007142857142857143 0.03426395939086294
0 0.8117857142857143 0.45685279187817257 0.013571428571428571 0.030456852791878174
0 0.8039285714285714 0.4517766497461929 0.010714285714285714 0.030456852791878174
0 0.7285714285714285 0.3362944162436548 0.008571428571428572 0.027918781725888325
0 0.6671428571428571 0.2956852791878173 0.007142857142857143 0.027918781725888325
0 0.6621428571428571 0.29441624365482233 0.007142857142857143 0.027918781725888325
0 0.6542857142857142 0.2848984771573604 0.007142857142857143 0.0266497461928934
0 0.6492857142857142 0.27918781725888325 0.007142857142857143 0.030456852791878174
0 0.7392857142857143 0.3343908629441624 0.01 0.031725888324873094
0 0.7210714285714286 0.33248730964467005 0.007857142857142858 0.03299492385786802
0 0.5514285714285714 0.23540609137055837 0.005714285714285714 0.02918781725888325
0 0.5667857142857143 0.23096446700507614 0.005 0.02284263959390863
0 0.5578571428571428 0.2303299492385787 0.005714285714285714 0.021573604060913704
0 0.49142857142857144 0.19796954314720813 0.008571428571428572 0.02284263959390863
0 0.5764285714285714 0.24238578680203046 0.007142857142857143 0.025380710659898477
0 0.605 0.26713197969543145 0.008571428571428572 0.021573604060913704
0 0.6125 0.26776649746192893 0.005 0.017766497461928935
0 0.5928571428571429 0.2569796954314721 0.005714285714285714 0.024111675126903553
0 0.5860714285714286 0.2519035532994924 0.0064285714285714285 0.02918781725888325
0 0.5842857142857143 0.24619289340101522 0.005714285714285714 0.02030456852791878
0 0.6464285714285715 0.2652284263959391 0.007142857142857143 0.027918781725888325
0 0.655 0.26713197969543145 0.005714285714285714 0.024111675126903553
0 0.6632142857142858 0.28616751269035534 0.007857142857142858 0.0266497461928934
0 0.6814285714285714 0.29885786802030456 0.005714285714285714 0.021573604060913704
0 0.6842857142857143 0.31281725888324874 0.005714285714285714 0.03426395939086294
0 0.6907142857142857 0.32043147208121825 0.005714285714285714 0.02918781725888325
0 0.7221428571428572 0.31789340101522845 0.008571428571428572 0.024111675126903553
0 0.715 0.31852791878172587 0.008571428571428572 0.03807106598984772
0 0.6810714285714285 0.28616751269035534 0.007857142857142858 0.0266497461928934
0 0.6753571428571429 0.2906091370558376 0.0064285714285714285 0.02030456852791878
0 0.6675 0.27220812182741116 0.0064285714285714285 0.031725888324873094
0 0.7346428571428572 0.37119289340101524 0.0064285714285714285 0.021573604060913704
0 0.8053571428571429 0.39149746192893403 0.0064285714285714285 0.031725888324873094
0 0.3007142857142857 0.3217005076142132 0.007142857142857143 0.024111675126903553
0 0.32392857142857145 0.2893401015228426 0.0064285714285714285 0.025380710659898477
0 0.30857142857142855 0.2823604060913706 0.005714285714285714 0.02918781725888325
0 0.3003571428571429 0.28616751269035534 0.007857142857142858 0.031725888324873094
0 0.29 0.3013959390862944 0.007142857142857143 0.03934010152284264
0 0.355 0.2398477157360406 0.005714285714285714 0.02284263959390863
0 0.3489285714285714 0.2366751269035533 0.005 0.024111675126903553
0 0.3221428571428571 0.2100253807106599 0.007142857142857143 0.024111675126903553
0 0.3107142857142857 0.2049492385786802 0.007142857142857143 0.0266497461928934
0 0.09678571428571428 0.4980964467005076 0.007857142857142858 0.024111675126903553
0 0.4035714285714286 0.16053299492385786 0.008571428571428572 0.01649746192893401
