0 0.4 0.24142857142857144 0.005714285714285714 0.018095238095238095
0 0.42464285714285716 0.1261904761904762 0.0064285714285714285 0.018095238095238095
0 0.41785714285714287 0.12476190476190477 0.004285714285714286 0.015238095238095238
0 0.4667857142857143 0.03857142857142857 0.002142857142857143 0.008571428571428572
0 0.5503571428571429 0.10666666666666667 0.0035714285714285713 0.005714285714285714
0 0.5025 0.04857142857142857 0.005 0.011428571428571429
0 0.61 0.8457142857142858 0.007142857142857143 0.011428571428571429
0 0.5921428571428572 0.1061904761904762 0.004285714285714286 0.012380952380952381
0 0.5885714285714285 0.10571428571428572 0.002857142857142857 0.013333333333333334
0 0.7142857142857143 0.7123809523809523 0.01 0.015238095238095238
