0 0.04285714285714286 0.6 0.007142857142857143 0.01904761904761905
0 0.041428571428571426 0.5919047619047619 0.008571428571428572 0.01619047619047619
0 0.27 0.7614285714285715 0.007142857142857143 0.008571428571428572
0 0.2785714285714286 0.7704761904761904 0.008571428571428572 0.009523809523809525
0 0.37714285714285717 0.4719047619047619 0.007142857142857143 0.02
0 0.4607142857142857 0.45 0.004285714285714286 0.01619047619047619
0 0.5292857142857142 0.4061904761904762 0.004285714285714286 0.012380952380952381
0 0.5217857142857143 0.4085714285714286 0.005 0.015238095238095238
0 0.48857142857142855 0.35333333333333333 0.004285714285714286 0.015238095238095238
0 0.4760714285714286 0.36952380952380953 0.0035714285714285713 0.013333333333333334
0 0.5410714285714285 0.3547619047619048 0.0035714285714285713 0.010476190476190476
0 0.6389285714285714 0.26285714285714284 0.002142857142857143 0.011428571428571429
0 0.6371428571428571 0.26 0.004285714285714286 0.013333333333333334
0 0.6128571428571429 0.017619047619047618 0.002857142857142857 0.008571428571428572
0 0.6096428571428572 0.017619047619047618 0.0035714285714285713 0.008571428571428572
0 0.7039285714285715 0.024761904761904763 0.0035714285714285713 0.007619047619047619
0 0.7014285714285714 0.025714285714285714 0.002857142857142857 0.007619047619047619
0 0.92 0.19380952380952382 0.004285714285714286 0.01619047619047619
0 0.9232142857142858 0.2357142857142857 0.009285714285714286 0.01619047619047619
0 0.9625 0.2219047619047619 0.0064285714285714285 0.015238095238095238
0 0.9125 0.19666666666666666 0.0035714285714285713 0.010476190476190476
0 0.7714285714285715 0.12714285714285714 0.004285714285714286 0.006666666666666667
0 0.7221428571428572 0.49 0.005714285714285714 0.008571428571428572
0 0.6053571428571428 0.5238095238095238 0.0064285714285714285 0.009523809523809525
