0 0.1692857142857143 0.041243654822335024 0.004285714285714286 0.011421319796954314
0 0.1775 0.04949238578680203 0.0035714285714285713 0.007614213197969543
0 0.435 0.20812182741116753 0.002857142857142857 0.007614213197969543
0 0.53 0.26586294416243655 0.004285714285714286 0.006345177664974619
0 0.8739285714285714 0.10913705583756345 0.0035714285714285713 0.01015228426395939
0 0.8307142857142857 0.14657360406091371 0.002857142857142857 0.006345177664974619
0 0.8703571428571428 0.1116751269035533 0.005 0.007614213197969543
0 0.8896428571428572 0.06408629441624365 0.0035714285714285713 0.006345177664974619
0 0.8871428571428571 0.0583756345177665 0.002857142857142857 0.007614213197969543
0 0.895 0.0583756345177665 0.004285714285714286 0.007614213197969543
0 0.8857142857142857 0.057741116751269035 0.004285714285714286 0.008883248730964468
