0 0.17954070981210857 0.4383116883116883 0.008350730688935281 0.026901669758812616
0 0.17640918580375783 0.5547309833024119 0.008350730688935281 0.025974025974025976
0 0.13804801670146138 0.49860853432282004 0.008872651356993737 0.012059369202226345
0 0.11090814196242171 0.49443413729128016 0.006784968684759917 0.012987012987012988
0 0.0644572025052192 0.4902597402597403 0.007828810020876827 0.012059369202226345
0 0.35255741127348644 0.7908163265306123 0.009916492693110648 0.036178107606679034
0 0.4697286012526096 0.5644712430426716 0.007306889352818371 0.023191094619666047
0 0.4470250521920668 0.11224489795918367 0.0036534446764091857 0.00927643784786642
0 0.4900835073068894 0.12430426716141002 0.0041753653444676405 0.00927643784786642
0 0.48851774530271397 0.08209647495361781 0.0020876826722338203 0.008348794063079777
0 0.4921711899791232 0.08070500927643785 0.0020876826722338203 0.0074211502782931356
0 0.3901356993736952 0.24397031539888683 0.006784968684759917 0.02411873840445269
0 0.38413361169102295 0.24768089053803338 0.007306889352818371 0.014842300556586271
0 0.47677453027139877 0.05380333951762523 0.0026096033402922755 0.00927643784786642
0 0.4911273486430063 0.05194805194805195 0.0020876826722338203 0.0074211502782931356
0 0.528705636743215 0.38589981447124305 0.005219206680584551 0.016697588126159554
0 0.5414926931106472 0.7467532467532467 0.012004175365344467 0.025974025974025976
0 0.541231732776618 0.7564935064935064 0.010438413361169102 0.023191094619666047
0 0.5407098121085595 0.9169758812615956 0.010438413361169102 0.0287569573283859
0 0.5592379958246346 0.9322820037105751 0.010960334029227558 0.03339517625231911
0 0.37265135699373697 0.02504638218923933 0.003131524008350731 0.012987012987012988
