0 0.46535714285714286 0.6642857142857143 0.03642857142857143 0.1019047619047619
0 0.3517857142857143 0.6157142857142858 0.020714285714285713 0.06761904761904762
0 0.03964285714285714 0.6109523809523809 0.025 0.040952380952380955
0 0.9107142857142857 0.6061904761904762 0.03142857142857143 0.05619047619047619
0 0.6892857142857143 0.6304761904761905 0.032857142857142856 0.06666666666666667
0 0.6817857142857143 0.6214285714285714 0.029285714285714286 0.07714285714285714
0 0.7075 0.5919047619047619 0.020714285714285713 0.06571428571428571
0 0.47964285714285715 0.6104761904761905 0.02214285714285714 0.0761904761904762
0 0.7707142857142857 0.5871428571428572 0.022857142857142857 0.04476190476190476
0 0.46214285714285713 0.5619047619047619 0.005714285714285714 0.013333333333333334
