0 0.5342857142857143 0.8138095238095238 0.03142857142857143 0.04666666666666667
0 0.7746428571428572 0.9480952380952381 0.045 0.05619047619047619
0 0.8139285714285714 0.9223809523809524 0.04642857142857143 0.04857142857142857
0 0.6414285714285715 0.5614285714285714 0.03142857142857143 0.029523809523809525
0 0.4932142857142857 0.28523809523809524 0.027857142857142858 0.04857142857142857
0 0.5214285714285715 0.28 0.027142857142857142 0.05523809523809524
0 0.42642857142857143 0.49142857142857144 0.03142857142857143 0.03619047619047619
0 0.4517857142857143 0.49333333333333335 0.02642857142857143 0.04
0 0.5117857142857143 0.5066666666666667 0.027857142857142858 0.04380952380952381
0 0.48857142857142855 0.5119047619047619 0.024285714285714285 0.05047619047619047
