0 0.5853571428571429 0.8057142857142857 0.010714285714285714 0.01904761904761905
0 0.5828571428571429 0.7404761904761905 0.008571428571428572 0.014285714285714285
0 0.5307142857142857 0.6157142857142858 0.008571428571428572 0.01619047619047619
0 0.5960714285714286 0.6866666666666666 0.010714285714285714 0.015238095238095238
0 0.49392857142857144 0.5376190476190477 0.015 0.014285714285714285
0 0.5175 0.5447619047619048 0.010714285714285714 0.017142857142857144
0 0.495 0.44142857142857145 0.011428571428571429 0.014285714285714285
0 0.5689285714285715 0.47904761904761906 0.009285714285714286 0.011428571428571429
0 0.38142857142857145 0.31857142857142856 0.01 0.01619047619047619
0 0.4567857142857143 0.4014285714285714 0.015 0.018095238095238095
