0 0.7115 0.832 0.007 0.016
0 0.72925 0.9446666666666667 0.0085 0.02
0 0.72475 0.592 0.0055 0.012
0 0.723 0.6076666666666667 0.006 0.019333333333333334
0 0.7775 0.21033333333333334 0.003 0.006
0 0.79625 0.24433333333333335 0.0025 0.0033333333333333335
0 0.7935 0.25833333333333336 0.002 0.007333333333333333
0 0.79075 0.25966666666666666 0.0015 0.006
0 0.79825 0.26866666666666666 0.0025 0.005333333333333333
0 0.80275 0.2906666666666667 0.0035 0.008
0 0.7275 0.35833333333333334 0.005 0.012666666666666666
0 0.82625 0.3453333333333333 0.0025 0.005333333333333333
0 0.86325 0.462 0.0045 0.006666666666666667
0 0.86875 0.46266666666666667 0.0035 0.009333333333333334
0 0.869 0.502 0.004 0.009333333333333334
0 0.871 0.48833333333333334 0.006 0.011333333333333334
0 0.889 0.5463333333333333 0.006 0.014
0 0.913 0.618 0.007 0.012
0 0.9115 0.6233333333333333 0.006 0.014666666666666666
0 0.9335 0.6973333333333334 0.005 0.013333333333333334
0 0.91675 0.4633333333333333 0.0045 0.013333333333333334
0 0.7235 0.32366666666666666 0.003 0.01
