0 0.31075 0.755 0.0135 0.04466666666666667
0 0.15175 0.6996666666666667 0.0185 0.04466666666666667
0 0.16525 0.705 0.0155 0.043333333333333335
0 0.36475 0.328 0.0075 0.024
0 0.36575 0.265 0.0065 0.020666666666666667
0 0.39575 0.12833333333333333 0.0045 0.015333333333333332
0 0.3955 0.12133333333333333 0.005 0.013333333333333334
0 0.40475 0.092 0.0035 0.013333333333333334
0 0.4085 0.077 0.004 0.015333333333333332
0 0.418 0.07533333333333334 0.003 0.012
0 0.4015 0.076 0.003 0.016
0 0.35325 0.11166666666666666 0.0045 0.016666666666666666
0 0.41 0.043 0.003 0.007333333333333333
0 0.41475 0.042 0.0025 0.010666666666666666
0 0.41475 0.008 0.0015 0.006666666666666667
0 0.41975 0.009 0.0025 0.008666666666666666
0 0.98925 0.7536666666666667 0.0215 0.042
0 0.75275 0.45866666666666667 0.0125 0.028
