0 0.5242857142857142 0.5042857142857143 0.018571428571428572 0.05238095238095238
0 0.5657142857142857 0.4342857142857143 0.011428571428571429 0.049523809523809526
0 0.5217857142857143 0.4095238095238095 0.013571428571428571 0.06476190476190476
0 0.5417857142857143 0.4061904761904762 0.016428571428571428 0.054285714285714284
0 0.6753571428571429 0.3823809523809524 0.019285714285714285 0.04476190476190476
0 0.6514285714285715 0.39095238095238094 0.015714285714285715 0.04476190476190476
0 0.5071428571428571 0.17809523809523808 0.011428571428571429 0.04
0 0.5046428571428572 0.08142857142857143 0.012142857142857143 0.039047619047619046
0 0.21142857142857144 0.2257142857142857 0.015714285714285715 0.0380952380952381
0 0.23285714285714285 0.26095238095238094 0.015714285714285715 0.045714285714285714
