0 0.33714285714285713 0.20904761904761904 0.014285714285714285 0.03142857142857143
0 0.22678571428571428 0.11238095238095239 0.015 0.03238095238095238
0 0.25 0.1523809523809524 0.014285714285714285 0.030476190476190476
0 0.28785714285714287 0.14904761904761904 0.015714285714285715 0.029523809523809525
0 0.35714285714285715 0.20714285714285716 0.011428571428571429 0.029523809523809525
0 0.3264285714285714 0.38571428571428573 0.018571428571428572 0.02095238095238095
0 0.06714285714285714 0.9461904761904761 0.032857142857142856 0.025714285714285714
0 0.07678571428571429 0.929047619047619 0.03642857142857143 0.023809523809523808
0 0.07821428571428571 0.4238095238095238 0.030714285714285715 0.024761904761904763
0 0.5414285714285715 0.8995238095238095 0.014285714285714285 0.02
0 0.6321428571428571 0.9880952380952381 0.015714285714285715 0.021904761904761906
0 0.6982142857142857 0.6114285714285714 0.012142857142857143 0.022857142857142857
0 0.5714285714285714 0.7457142857142857 0.014285714285714285 0.02095238095238095
0 0.5564285714285714 0.24857142857142858 0.014285714285714285 0.024761904761904763
0 0.5717857142857142 0.2919047619047619 0.012142857142857143 0.021904761904761906
