0 0.19678571428571429 0.9676190476190476 0.030714285714285715 0.047619047619047616
0 0.047857142857142855 0.7466666666666667 0.037142857142857144 0.045714285714285714
0 0.07392857142857143 0.7033333333333334 0.03642857142857143 0.05238095238095238
0 0.17285714285714285 0.2776190476190476 0.011428571428571429 0.039047619047619046
0 0.1417857142857143 0.2966666666666667 0.019285714285714285 0.040952380952380955
0 0.5732142857142857 0.9019047619047619 0.02642857142857143 0.05142857142857143
0 0.9460714285714286 0.24047619047619048 0.019285714285714285 0.040952380952380955
0 0.965 0.2042857142857143 0.015714285714285715 0.037142857142857144
0 0.8471428571428572 0.06285714285714286 0.01 0.03238095238095238
0 0.8425 0.06 0.012142857142857143 0.03238095238095238
0 0.8082142857142857 0.04904761904761905 0.015 0.029523809523809525
0 0.4392857142857143 0.44476190476190475 0.015714285714285715 0.04380952380952381
0 0.5732142857142857 0.3585714285714286 0.015 0.035238095238095235
0 0.6146428571428572 0.01619047619047619 0.009285714285714286 0.01904761904761905
0 0.4064285714285714 0.24857142857142858 0.012857142857142857 0.02666666666666667
