0 0.18357142857142858 0.27666666666666667 0.03571428571428571 0.01619047619047619
0 0.51 0.3580952380952381 0.005714285714285714 0.02095238095238095
0 0.5175 0.35714285714285715 0.0064285714285714285 0.02095238095238095
0 0.01107142857142857 0.8609523809523809 0.02214285714285714 0.06095238095238095
0 0.03428571428571429 0.8609523809523809 0.032857142857142856 0.06095238095238095
0 0.6489285714285714 0.5019047619047619 0.009285714285714286 0.03238095238095238
0 0.6575 0.51 0.009285714285714286 0.035238095238095235
0 0.6167857142857143 0.4076190476190476 0.007857142857142858 0.024761904761904763
0 0.24285714285714285 0.7495238095238095 0.008571428571428572 0.02857142857142857
0 0.6617857142857143 0.43142857142857144 0.007857142857142858 0.024761904761904763
0 0.6692857142857143 0.42952380952380953 0.01 0.02666666666666667
