0 0.14607142857142857 0.5442857142857143 0.02642857142857143 0.04666666666666667
0 0.7496428571428572 0.6780952380952381 0.023571428571428573 0.047619047619047616
0 0.8757142857142857 0.24095238095238095 0.02142857142857143 0.04
0 0.8875 0.2480952380952381 0.023571428571428573 0.04285714285714286
0 0.36678571428571427 0.23 0.015 0.040952380952380955
0 0.4125 0.16047619047619047 0.013571428571428571 0.037142857142857144
0 0.35642857142857143 0.11428571428571428 0.014285714285714285 0.03428571428571429
0 0.12928571428571428 0.22714285714285715 0.022857142857142857 0.040952380952380955
0 0.11535714285714285 0.17761904761904762 0.020714285714285713 0.037142857142857144
0 0.03321428571428572 0.19380952380952382 0.02642857142857143 0.040952380952380955
