0 0.01107142857142857 0.16666666666666666 0.010714285714285714 0.02666666666666667
0 0.08428571428571428 0.06904761904761905 0.011428571428571429 0.02
0 0.09464285714285714 0.05523809523809524 0.009285714285714286 0.022857142857142857
0 0.3167857142857143 0.015238095238095238 0.009285714285714286 0.02095238095238095
0 0.3414285714285714 0.14476190476190476 0.008571428571428572 0.017142857142857144
0 0.41678571428571426 0.10476190476190476 0.007857142857142858 0.022857142857142857
0 0.4139285714285714 0.26285714285714284 0.013571428571428571 0.03619047619047619
0 0.4835714285714286 0.17333333333333334 0.007142857142857143 0.02666666666666667
0 0.4514285714285714 0.1595238095238095 0.008571428571428572 0.023809523809523808
0 0.44357142857142856 0.15761904761904763 0.008571428571428572 0.02761904761904762
0 0.44035714285714284 0.19285714285714287 0.009285714285714286 0.029523809523809525
0 0.84 0.09333333333333334 0.01 0.01904761904761905
0 0.5317857142857143 0.44333333333333336 0.010714285714285714 0.037142857142857144
0 0.5760714285714286 0.3823809523809524 0.0064285714285714285 0.035238095238095235
0 0.5967857142857143 0.3952380952380952 0.010714285714285714 0.03238095238095238
0 0.5914285714285714 0.37761904761904763 0.014285714285714285 0.025714285714285714
0 0.4517857142857143 0.4442857142857143 0.009285714285714286 0.039047619047619046
