0 0.28464285714285714 0.3432741116751269 0.005 0.013959390862944163
0 0.2785714285714286 0.4346446700507614 0.005714285714285714 0.013959390862944163
0 0.9142857142857143 0.0038071065989847717 0.004285714285714286 0.007614213197969543
0 0.9475 0.05520304568527919 0.0035714285714285713 0.008883248730964468
0 0.9610714285714286 0.06472081218274112 0.0035714285714285713 0.012690355329949238
0 0.9271428571428572 0.06091370558375635 0.004285714285714286 0.012690355329949238
0 0.9746428571428571 0.11548223350253807 0.0064285714285714285 0.012690355329949238
0 0.9782142857142857 0.11611675126903553 0.005 0.008883248730964468
0 0.9792857142857143 0.14784263959390864 0.004285714285714286 0.008883248730964468
0 0.9817857142857143 0.14720812182741116 0.005 0.007614213197969543
0 0.9764285714285714 0.1516497461928934 0.005714285714285714 0.006345177664974619
