0 0.6825 0.042333333333333334 0.005 0.014
0 0.695 0.305 0.007 0.023333333333333334
0 0.7045 0.30366666666666664 0.008 0.023333333333333334
0 0.74125 0.32766666666666666 0.0055 0.022
0 0.746 0.3303333333333333 0.007 0.023333333333333334
0 0.7505 0.35233333333333333 0.007 0.022
0 0.75675 0.353 0.0065 0.022
0 0.7045 0.7446666666666667 0.01 0.02266666666666667
0 0.48675 0.18766666666666668 0.0065 0.016666666666666666
0 0.45075 0.13033333333333333 0.0065 0.016666666666666666
0 0.44525 0.13133333333333333 0.0055 0.017333333333333333
