0 0.02107142857142857 0.9195238095238095 0.009285714285714286 0.01619047619047619
0 0.014642857142857143 0.74 0.010714285714285714 0.017142857142857144
0 0.3078571428571429 0.8928571428571429 0.007142857142857143 0.014285714285714285
0 0.31607142857142856 0.9752380952380952 0.009285714285714286 0.013333333333333334
0 0.6242857142857143 0.9833333333333333 0.008571428571428572 0.012380952380952381
0 0.5485714285714286 0.39285714285714285 0.004285714285714286 0.010476190476190476
0 0.5692857142857143 0.3352380952380952 0.005714285714285714 0.011428571428571429
0 0.5664285714285714 0.030476190476190476 0.002857142857142857 0.007619047619047619
0 0.6264285714285714 0.08857142857142856 0.002857142857142857 0.013333333333333334
0 0.13142857142857142 0.4142857142857143 0.007142857142857143 0.009523809523809525
