0 0.5860714285714286 0.981904761904762 0.035 0.03619047619047619
0 0.9439285714285715 0.4857142857142857 0.03642857142857143 0.05142857142857143
0 0.8825 0.48857142857142855 0.03642857142857143 0.05714285714285714
0 0.5257142857142857 0.3433333333333333 0.02 0.05619047619047619
0 0.4732142857142857 0.24571428571428572 0.015 0.047619047619047616
0 0.5110714285714286 0.21047619047619048 0.016428571428571428 0.047619047619047616
0 0.46785714285714286 0.16 0.02 0.045714285714285714
0 0.7589285714285714 0.20857142857142857 0.019285714285714285 0.05142857142857143
0 0.7875 0.21476190476190476 0.023571428571428573 0.05047619047619047
0 0.9117857142857143 0.27904761904761904 0.02214285714285714 0.047619047619047616
0 0.7325 0.520952380952381 0.03357142857142857 0.06095238095238095
0 0.48642857142857143 0.37857142857142856 0.02 0.05047619047619047
0 0.48464285714285715 0.058095238095238096 0.010714285714285714 0.04
0 0.4714285714285714 0.06142857142857143 0.01 0.037142857142857144
