0 0.7134655532359081 0.3696660482374768 0.005219206680584551 0.02504638218923933
0 0.3089770354906054 0.7843228200371057 0.010438413361169102 0.01948051948051948
0 0.3442066805845512 0.6521335807050093 0.007828810020876827 0.01855287569573284
0 0.6756263048016702 0.48283858998144713 0.005741127348643006 0.013914656771799629
0 0.6234342379958246 0.2277365491651206 0.0026096033402922755 0.008348794063079777
0 0.6124739039665971 0.22495361781076068 0.0026096033402922755 0.008348794063079777
0 0.589509394572025 0.18645640074211503 0.0026096033402922755 0.00927643784786642
0 0.5456680584551148 0.2012987012987013 0.004697286012526096 0.00927643784786642
0 0.5370563674321504 0.20686456400742115 0.003131524008350731 0.011131725417439703
0 0.49191022964509395 0.16419294990723562 0.0036534446764091857 0.00927643784786642
0 0.47494780793319413 0.14981447124304267 0.0020876826722338203 0.00463821892393321
0 0.4694676409185804 0.15445269016697588 0.0026096033402922755 0.006493506493506494
0 0.46242171189979125 0.1836734693877551 0.003131524008350731 0.0055658627087198514
0 0.46529227557411273 0.2054730983302412 0.0026096033402922755 0.008348794063079777
0 0.4496346555323591 0.22866419294990722 0.0026096033402922755 0.008348794063079777
0 0.4605949895615866 0.24211502782931354 0.0036534446764091857 0.00927643784786642
0 0.44545929018789143 0.24907235621521337 0.0026096033402922755 0.008348794063079777
0 0.45041753653444677 0.2504638218923933 0.003131524008350731 0.0074211502782931356
0 0.45668058455114824 0.25834879406307976 0.003131524008350731 0.01020408163265306
0 0.4201461377870564 0.3455473098330241 0.0041753653444676405 0.012059369202226345
0 0.4405010438413361 0.27782931354359924 0.0041753653444676405 0.013914656771799629
0 0.4733820459290188 0.12708719851576994 0.0020876826722338203 0.0055658627087198514
