0 0.47535714285714287 0.12880710659898478 0.0064285714285714285 0.01903553299492386
0 0.48392857142857143 0.10025380710659898 0.0064285714285714285 0.02284263959390863
0 0.44857142857142857 0.14593908629441624 0.007142857142857143 0.02030456852791878
0 0.3442857142857143 0.05266497461928934 0.005714285714285714 0.021573604060913704
0 0.3417857142857143 0.020939086294416244 0.005 0.01649746192893401
0 0.3425 0.017766497461928935 0.005 0.02030456852791878
0 0.7607142857142857 0.7576142131979695 0.01 0.02030456852791878
0 0.7767857142857143 0.7493654822335025 0.009285714285714286 0.021573604060913704
0 0.8910714285714286 0.8788071065989848 0.010714285714285714 0.024111675126903553
0 0.8910714285714286 0.8623096446700508 0.012142857142857143 0.0266497461928934
