0 0.5285714285714286 0.7880952380952381 0.02 0.04285714285714286
0 0.5989285714285715 0.7233333333333334 0.020714285714285713 0.04857142857142857
0 0.18714285714285714 0.4380952380952381 0.012857142857142857 0.02095238095238095
0 0.18607142857142858 0.5871428571428572 0.015 0.04476190476190476
0 0.16642857142857143 0.5085714285714286 0.01 0.01904761904761905
0 0.27214285714285713 0.47 0.014285714285714285 0.025714285714285714
0 0.3657142857142857 0.5171428571428571 0.01 0.030476190476190476
0 0.12321428571428572 0.3838095238095238 0.009285714285714286 0.02666666666666667
0 0.10892857142857143 0.37666666666666665 0.007857142857142858 0.023809523809523808
0 0.45607142857142857 0.5876190476190476 0.010714285714285714 0.03619047619047619
0 0.4942857142857143 0.5638095238095238 0.011428571428571429 0.030476190476190476
0 0.4735714285714286 0.5128571428571429 0.014285714285714285 0.03333333333333333
0 0.52 0.46476190476190476 0.008571428571428572 0.024761904761904763
0 0.39285714285714285 0.5661904761904762 0.012857142857142857 0.029523809523809525
0 0.7260714285714286 0.731904761904762 0.017857142857142856 0.05047619047619047
0 0.7096428571428571 0.5533333333333333 0.015 0.03619047619047619
