0 0.45668058455114824 0.48330241187384043 0.007306889352818371 0.025974025974025976
0 0.44572025052192066 0.47866419294990725 0.007306889352818371 0.022263450834879406
0 0.36038622129436326 0.6855287569573284 0.007828810020876827 0.03153988868274583
0 0.5613256784968684 0.5923005565862709 0.009916492693110648 0.02504638218923933
0 0.5289665970772442 0.35482374768089053 0.006784968684759917 0.01948051948051948
0 0.5840292275574113 0.2982374768089054 0.005219206680584551 0.01948051948051948
0 0.5983820459290188 0.2036178107606679 0.004697286012526096 0.012059369202226345
0 0.6022964509394572 0.16465677179962895 0.0041753653444676405 0.013914656771799629
0 0.4825156576200417 0.34879406307977734 0.006784968684759917 0.022263450834879406
0 0.5955114822546973 0.2690166975881262 0.005219206680584551 0.022263450834879406
0 0.5999478079331941 0.2662337662337662 0.005741127348643006 0.01855287569573284
0 0.6281315240083507 0.3325602968460111 0.007828810020876827 0.013914656771799629
0 0.6114300626304802 0.10853432282003711 0.004697286012526096 0.00927643784786642
0 0.651356993736952 0.060760667903525044 0.0020876826722338203 0.006493506493506494
0 0.5989039665970772 0.00974025974025974 0.0026096033402922755 0.012059369202226345
0 0.6036012526096033 0.006029684601113173 0.0026096033402922755 0.006493506493506494
0 0.6724947807933194 0.021799628942486084 0.0026096033402922755 0.008348794063079777
0 0.7434759916492694 0.12059369202226346 0.0036534446764091857 0.012987012987012988
0 0.7805323590814196 0.12987012987012986 0.0036534446764091857 0.0074211502782931356
0 0.784446764091858 0.12894248608534323 0.0041753653444676405 0.011131725417439703
