0 0.6317849686847599 0.03432282003710575 0.006784968684759917 0.029684601113172542
0 0.473643006263048 0.13682745825602968 0.008872651356993737 0.045454545454545456
0 0.47103340292275575 0.1261595547309833 0.012004175365344467 0.04267161410018553
0 0.28131524008350733 0.1767161410018553 0.011482254697286013 0.04359925788497217
0 0.27609603340292277 0.03293135435992579 0.012526096033402923 0.036178107606679034
0 0.2685281837160752 0.039888682745825604 0.01722338204592902 0.03896103896103896
0 0.2265135699373695 0.0640074211502783 0.012526096033402923 0.03896103896103896
0 0.2176409185803758 0.11131725417439703 0.011482254697286013 0.03525046382189239
0 0.2254697286012526 0.1303339517625232 0.010438413361169102 0.0287569573283859
0 0.04410229645093946 0.12291280148423006 0.016179540709812108 0.030612244897959183
0 0.05323590814196242 0.015769944341372914 0.016701461377870562 0.03153988868274583
0 0.07437369519832986 0.03153988868274583 0.013048016701461378 0.03339517625231911
