0 0.01525 0.6403333333333333 0.0135 0.016666666666666666
0 0.0565 0.6226666666666667 0.01 0.018666666666666668
0 0.29975 0.7736666666666666 0.0125 0.020666666666666667
0 0.31825 0.6743333333333333 0.0085 0.020666666666666667
0 0.45675 0.30533333333333335 0.0045 0.012
0 0.538 0.9426666666666667 0.014 0.030666666666666665
0 0.546 0.9376666666666666 0.014 0.03
0 0.70875 0.866 0.0125 0.028
0 0.72375 0.87 0.0115 0.025333333333333333
0 0.73275 0.864 0.0105 0.024
0 0.87125 0.759 0.0125 0.020666666666666667
0 0.93025 0.763 0.0115 0.023333333333333334
0 0.72575 0.43033333333333335 0.0065 0.015333333333333332
0 0.747 0.43166666666666664 0.007 0.015333333333333332
0 0.83075 0.3566666666666667 0.0045 0.012
0 0.829 0.357 0.003 0.01
0 0.82725 0.3576666666666667 0.0035 0.01
0 0.94375 0.4646666666666667 0.0065 0.010666666666666666
0 0.94 0.4583333333333333 0.004 0.008666666666666666
0 0.909 0.2833333333333333 0.004 0.008
0 0.9145 0.2826666666666667 0.003 0.009333333333333334
