0 0.34035714285714286 0.2257142857142857 0.002142857142857143 0.007619047619047619
0 0.3357142857142857 0.2257142857142857 0.002857142857142857 0.007619047619047619
0 0.45607142857142857 0.9171428571428571 0.009285714285714286 0.015238095238095238
0 0.5860714285714286 0.7780952380952381 0.005 0.011428571428571429
0 0.36178571428571427 0.7866666666666666 0.0064285714285714285 0.015238095238095238
0 0.3475 0.7904761904761904 0.0064285714285714285 0.011428571428571429
0 0.43607142857142855 0.7957142857142857 0.009285714285714286 0.010476190476190476
0 0.2517857142857143 0.731904761904762 0.007857142857142858 0.012380952380952381
0 0.19071428571428573 0.7609523809523809 0.005714285714285714 0.011428571428571429
0 0.12678571428571428 0.6685714285714286 0.007857142857142858 0.011428571428571429
0 0.12678571428571428 0.5204761904761904 0.005 0.010476190476190476
0 0.2735714285714286 0.4504761904761905 0.005714285714285714 0.009523809523809525
0 0.4092857142857143 0.6523809523809524 0.005714285714285714 0.009523809523809525
0 0.44892857142857145 0.5585714285714286 0.005 0.012380952380952381
0 0.011785714285714287 0.6190476190476191 0.007857142857142858 0.011428571428571429
0 0.06107142857142857 0.6176190476190476 0.009285714285714286 0.014285714285714285
0 0.09821428571428571 0.5347619047619048 0.0064285714285714285 0.014285714285714285
0 0.10392857142857143 0.5314285714285715 0.005 0.009523809523809525
0 0.9778571428571429 0.790952380952381 0.012857142857142857 0.014285714285714285
