0 0.06993736951983298 0.12337662337662338 0.008350730688935281 0.022263450834879406
0 0.004697286012526096 0.25463821892393323 0.009394572025052192 0.030612244897959183
0 0.5328810020876826 0.18089053803339517 0.005219206680584551 0.02411873840445269
0 0.5443632567849687 0.18089053803339517 0.005219206680584551 0.02411873840445269
0 0.5234864300626305 0.16094619666048238 0.008350730688935281 0.026901669758812616
0 0.5655010438413361 0.1437847866419295 0.004697286012526096 0.01855287569573284
0 0.5566283924843424 0.8701298701298701 0.013048016701461378 0.04081632653061224
0 0.5762004175365344 0.9100185528756958 0.016701461377870562 0.03710575139146568
0 0.8324634655532359 0.735621521335807 0.019832985386221295 0.02411873840445269
0 0.7353862212943633 0.5913729128014842 0.010438413361169102 0.017625231910946195
0 0.6918058455114823 0.2077922077922078 0.006784968684759917 0.02411873840445269
0 0.7254697286012526 0.0640074211502783 0.0041753653444676405 0.02040816326530612
0 0.6654488517745303 0.013914656771799629 0.007306889352818371 0.02040816326530612
0 0.6683194154488518 0.011131725417439703 0.0036534446764091857 0.016697588126159554
