0 0.3625 0.3442857142857143 0.0035714285714285713 0.012380952380952381
0 0.38642857142857145 0.43523809523809526 0.002857142857142857 0.017142857142857144
0 0.3982142857142857 0.2276190476190476 0.0035714285714285713 0.011428571428571429
0 0.38035714285714284 0.2819047619047619 0.0035714285714285713 0.011428571428571429
0 0.3842857142857143 0.2804761904761905 0.002857142857142857 0.008571428571428572
0 0.3871428571428571 0.2823809523809524 0.002857142857142857 0.008571428571428572
0 0.42392857142857143 0.13428571428571429 0.002142857142857143 0.005714285714285714
0 0.41535714285714287 0.1519047619047619 0.002142857142857143 0.006666666666666667
0 0.43142857142857144 0.14476190476190476 0.0014285714285714286 0.0038095238095238095
0 0.5832142857142857 0.18047619047619048 0.002142857142857143 0.006666666666666667
0 0.5882142857142857 0.17952380952380953 0.002142857142857143 0.008571428571428572
0 0.5857142857142857 0.18 0.0014285714285714286 0.007619047619047619
0 0.5585714285714286 0.10666666666666667 0.0014285714285714286 0.005714285714285714
0 0.5303571428571429 0.11761904761904762 0.002142857142857143 0.006666666666666667
0 0.5560714285714285 0.10238095238095238 0.002142857142857143 0.008571428571428572
0 0.6757142857142857 0.9042857142857142 0.012857142857142857 0.018095238095238095
0 0.6535714285714286 0.9080952380952381 0.008571428571428572 0.014285714285714285
0 0.45285714285714285 0.1438095238095238 0.002857142857142857 0.005714285714285714
0 0.44785714285714284 0.1438095238095238 0.002857142857142857 0.005714285714285714
0 0.46464285714285714 0.07857142857142857 0.002142857142857143 0.002857142857142857
0 0.45821428571428574 0.08142857142857143 0.0035714285714285713 0.004761904761904762
0 0.4635714285714286 0.12142857142857143 0.002857142857142857 0.002857142857142857
0 0.4682142857142857 0.12428571428571429 0.002142857142857143 0.004761904761904762
