0 0.9664285714285714 0.22952380952380952 0.024285714285714285 0.04
0 0.8253571428571429 0.8119047619047619 0.07785714285714286 0.18761904761904763
0 0.3485714285714286 0.42714285714285716 0.017142857142857144 0.04666666666666667
0 0.5617857142857143 0.6123809523809524 0.02214285714285714 0.05523809523809524
0 0.49607142857142855 0.5376190476190477 0.02214285714285714 0.06571428571428571
0 0.4735714285714286 0.5471428571428572 0.02142857142857143 0.05238095238095238
0 0.5696428571428571 0.4157142857142857 0.02214285714285714 0.04857142857142857
0 0.5532142857142858 0.32095238095238093 0.012142857142857143 0.049523809523809526
0 0.5296428571428572 0.33476190476190476 0.015 0.039047619047619046
0 0.5146428571428572 0.3361904761904762 0.017857142857142856 0.045714285714285714
0 0.555 0.16523809523809524 0.014285714285714285 0.037142857142857144
0 0.54 0.16285714285714287 0.012857142857142857 0.0380952380952381
0 0.5660714285714286 0.10571428571428572 0.010714285714285714 0.04
0 0.5757142857142857 0.027142857142857142 0.007142857142857143 0.02761904761904762
0 0.5678571428571428 0.024761904761904763 0.008571428571428572 0.030476190476190476
