0 0.5817857142857142 0.65 0.020714285714285713 0.05047619047619047
0 0.3975 0.49523809523809526 0.016428571428571428 0.045714285714285714
0 0.6210714285714286 0.5776190476190476 0.015 0.04285714285714286
0 0.5575 0.32761904761904764 0.010714285714285714 0.03428571428571429
0 0.5517857142857143 0.2695238095238095 0.010714285714285714 0.03428571428571429
0 0.5267857142857143 0.2819047619047619 0.012142857142857143 0.03428571428571429
0 0.5110714285714286 0.27904761904761904 0.007857142857142858 0.03238095238095238
0 0.49857142857142855 0.18047619047619048 0.008571428571428572 0.03142857142857143
0 0.4825 0.12857142857142856 0.009285714285714286 0.02857142857142857
0 0.48178571428571426 0.06476190476190476 0.007857142857142858 0.024761904761904763
