0 0.2982142857142857 0.2719047619047619 0.012142857142857143 0.023809523809523808
0 0.3585714285714286 0.22428571428571428 0.007142857142857143 0.023809523809523808
0 0.4132142857142857 0.23142857142857143 0.0064285714285714285 0.024761904761904763
0 0.4014285714285714 0.21523809523809523 0.005714285714285714 0.01904761904761905
0 0.40285714285714286 0.2123809523809524 0.005714285714285714 0.02095238095238095
0 0.4882142857142857 0.19476190476190477 0.0064285714285714285 0.018095238095238095
0 0.5978571428571429 0.18666666666666668 0.005714285714285714 0.017142857142857144
0 0.6335714285714286 0.17952380952380953 0.004285714285714286 0.01619047619047619
0 0.6342857142857142 0.1580952380952381 0.004285714285714286 0.011428571428571429
0 0.7696428571428572 0.14666666666666667 0.005 0.013333333333333334
0 0.9185714285714286 0.11142857142857143 0.002857142857142857 0.007619047619047619
0 0.9942857142857143 0.15095238095238095 0.005714285714285714 0.014285714285714285
0 0.9528571428571428 0.1661904761904762 0.007142857142857143 0.018095238095238095
0 0.8446428571428571 0.22476190476190477 0.0064285714285714285 0.015238095238095238
0 0.7946428571428571 0.28809523809523807 0.009285714285714286 0.037142857142857144
0 0.10785714285714286 0.3657142857142857 0.014285714285714285 0.03238095238095238
0 0.2960714285714286 0.7938095238095239 0.029285714285714286 0.08095238095238096
0 0.6467857142857143 0.7052380952380952 0.027857142857142858 0.08285714285714285
0 0.7221428571428572 0.5676190476190476 0.018571428571428572 0.06666666666666667
0 0.7425 0.5680952380952381 0.02214285714285714 0.058095238095238096
0 0.7560714285714286 0.5728571428571428 0.019285714285714285 0.06190476190476191
0 0.7571428571428571 0.549047619047619 0.02 0.058095238095238096
0 0.7585714285714286 0.5290476190476191 0.02 0.06
0 0.7128571428571429 0.38 0.011428571428571429 0.047619047619047616
0 0.5732142857142857 0.6947619047619048 0.045 0.06380952380952382
0 0.7271428571428571 0.5214285714285715 0.018571428571428572 0.05047619047619047
0 0.7764285714285715 0.45095238095238094 0.02 0.05047619047619047
0 0.7021428571428572 0.9433333333333334 0.02857142857142857 0.09428571428571429
0 0.06821428571428571 0.9438095238095238 0.04071428571428572 0.08761904761904762
0 0.12428571428571429 0.9619047619047619 0.03857142857142857 0.0761904761904762
0 0.09035714285714286 0.9695238095238096 0.04357142857142857 0.05904761904761905
0 0.21857142857142858 0.9723809523809523 0.05 0.05523809523809524
