0 0.26571428571428574 0.1461904761904762 0.011428571428571429 0.018095238095238095
0 0.3314285714285714 0.16238095238095238 0.01 0.01619047619047619
0 0.33785714285714286 0.1919047619047619 0.005714285714285714 0.018095238095238095
0 0.34785714285714286 0.19380952380952382 0.005714285714285714 0.012380952380952381
0 0.3578571428571429 0.18047619047619048 0.007142857142857143 0.014285714285714285
0 0.36142857142857143 0.2 0.007142857142857143 0.011428571428571429
0 0.38 0.20523809523809525 0.005714285714285714 0.014285714285714285
0 0.36 0.26761904761904765 0.005714285714285714 0.015238095238095238
0 0.35714285714285715 0.1376190476190476 0.011428571428571429 0.018095238095238095
0 0.7907142857142857 0.16 0.01 0.015238095238095238
0 0.6589285714285714 0.3171428571428571 0.009285714285714286 0.015238095238095238
0 0.805 0.5833333333333334 0.01 0.012380952380952381
0 0.36857142857142855 0.8357142857142857 0.008571428571428572 0.014285714285714285
0 0.36607142857142855 0.6647619047619048 0.009285714285714286 0.013333333333333334
0 0.31857142857142856 0.5866666666666667 0.01 0.007619047619047619
0 0.4142857142857143 0.4819047619047619 0.008571428571428572 0.009523809523809525
0 0.42142857142857143 0.45476190476190476 0.005714285714285714 0.008571428571428572
0 0.40464285714285714 0.47095238095238096 0.005 0.010476190476190476
0 0.39285714285714285 0.36428571428571427 0.008571428571428572 0.01619047619047619
0 0.4010714285714286 0.3438095238095238 0.007857142857142858 0.013333333333333334
0 0.44285714285714284 0.29333333333333333 0.005714285714285714 0.017142857142857144
0 0.38642857142857145 0.3514285714285714 0.005714285714285714 0.015238095238095238
0 0.35892857142857143 0.33714285714285713 0.007857142857142858 0.013333333333333334
0 0.4132142857142857 0.559047619047619 0.007857142857142858 0.009523809523809525
