0 0.9292857142857143 0.68 0.02857142857142857 0.06476190476190476
0 0.6642857142857143 0.47904761904761906 0.017142857142857144 0.05142857142857143
0 0.6289285714285714 0.4342857142857143 0.015 0.0380952380952381
0 0.5885714285714285 0.3576190476190476 0.014285714285714285 0.04476190476190476
0 0.5721428571428572 0.2985714285714286 0.007142857142857143 0.029523809523809525
0 0.5785714285714286 0.2966666666666667 0.007142857142857143 0.02761904761904762
0 0.5839285714285715 0.2957142857142857 0.0064285714285714285 0.02761904761904762
0 0.4342857142857143 0.3157142857142857 0.008571428571428572 0.03142857142857143
0 0.4139285714285714 0.32285714285714284 0.010714285714285714 0.03238095238095238
0 0.305 0.30095238095238097 0.012857142857142857 0.03428571428571429
0 0.6517857142857143 0.31952380952380954 0.009285714285714286 0.029523809523809525
0 0.2725 0.2180952380952381 0.0064285714285714285 0.017142857142857144
0 0.14642857142857144 0.19857142857142857 0.007142857142857143 0.021904761904761906
0 0.4407142857142857 0.5280952380952381 0.015714285714285715 0.05047619047619047
0 0.013571428571428571 0.2866666666666667 0.02 0.03238095238095238
0 0.27785714285714286 0.2919047619047619 0.008571428571428572 0.025714285714285714
0 0.7978571428571428 0.319047619047619 0.011428571428571429 0.030476190476190476
0 0.7703571428571429 0.42523809523809525 0.012142857142857143 0.03142857142857143
0 0.7860714285714285 0.4257142857142857 0.009285714285714286 0.03619047619047619
0 0.8507142857142858 0.4857142857142857 0.02142857142857143 0.045714285714285714
0 0.8657142857142858 0.49476190476190474 0.02142857142857143 0.04857142857142857
0 0.8764285714285714 0.5119047619047619 0.012857142857142857 0.03333333333333333
0 0.8735714285714286 0.5171428571428571 0.014285714285714285 0.030476190476190476
0 0.9285714285714286 0.5361904761904762 0.02 0.03619047619047619
0 0.9860714285714286 0.5557142857142857 0.020714285714285713 0.035238095238095235
0 0.9539285714285715 0.5423809523809524 0.015 0.037142857142857144
0 0.8775 0.3466666666666667 0.016428571428571428 0.05333333333333334
0 0.9271428571428572 0.38476190476190475 0.015714285714285715 0.03619047619047619
0 0.93 0.37952380952380954 0.014285714285714285 0.040952380952380955
0 0.9625 0.39285714285714285 0.02214285714285714 0.04476190476190476
0 0.9907142857142858 0.3995238095238095 0.018571428571428572 0.04666666666666667
0 0.9821428571428571 0.37761904761904763 0.02 0.058095238095238096
0 0.9939285714285714 0.5061904761904762 0.012142857142857143 0.04857142857142857
0 0.935 0.5047619047619047 0.011428571428571429 0.02666666666666667
0 0.9096428571428572 0.49523809523809526 0.010714285714285714 0.02666666666666667
0 0.9442857142857143 0.5038095238095238 0.011428571428571429 0.02857142857142857
0 0.9446428571428571 0.5028571428571429 0.010714285714285714 0.0380952380952381
0 0.8678571428571429 0.4614285714285714 0.014285714285714285 0.02761904761904762
0 0.8757142857142857 0.4704761904761905 0.015714285714285715 0.047619047619047616
0 0.8896428571428572 0.4704761904761905 0.015 0.03428571428571429
0 0.915 0.4714285714285714 0.017142857142857144 0.0380952380952381
