0 0.3275 0.11333333333333333 0.009285714285714286 0.017142857142857144
0 0.33321428571428574 0.11523809523809524 0.010714285714285714 0.01904761904761905
0 0.31535714285714284 0.3838095238095238 0.010714285714285714 0.015238095238095238
0 0.3314285714285714 0.3742857142857143 0.014285714285714285 0.017142857142857144
0 0.33321428571428574 0.3519047619047619 0.010714285714285714 0.012380952380952381
0 0.31642857142857145 0.7971428571428572 0.007142857142857143 0.013333333333333334
0 0.3535714285714286 0.8609523809523809 0.008571428571428572 0.01904761904761905
0 0.23464285714285715 0.8557142857142858 0.015 0.014285714285714285
0 0.095 0.8447619047619047 0.015714285714285715 0.01904761904761905
0 0.5632142857142857 0.8076190476190476 0.010714285714285714 0.022857142857142857
0 0.615 0.849047619047619 0.014285714285714285 0.01619047619047619
0 0.6053571428571428 0.6871428571428572 0.007857142857142858 0.018095238095238095
0 0.6121428571428571 0.5019047619047619 0.008571428571428572 0.017142857142857144
0 0.10428571428571429 0.8890476190476191 0.011428571428571429 0.010476190476190476
