0 0.31392857142857145 0.9233333333333333 0.1492857142857143 0.15333333333333332
0 0.7478571428571429 0.30904761904761907 0.004285714285714286 0.01619047619047619
0 0.6542857142857142 0.7476190476190476 0.024285714285714285 0.06285714285714286
0 0.7021428571428572 0.8404761904761905 0.03428571428571429 0.07333333333333333
0 0.7385714285714285 0.2761904761904762 0.007142857142857143 0.013333333333333334
0 0.7528571428571429 0.2571428571428571 0.004285714285714286 0.013333333333333334
0 0.8121428571428572 0.21571428571428572 0.002857142857142857 0.010476190476190476
0 0.8153571428571429 0.21476190476190476 0.0035714285714285713 0.008571428571428572
0 0.7796428571428572 0.2423809523809524 0.0035714285714285713 0.012380952380952381
0 0.7828571428571428 0.24761904761904763 0.004285714285714286 0.015238095238095238
0 0.4903571428571429 0.3976190476190476 0.010714285714285714 0.025714285714285714
0 0.4764285714285714 0.39380952380952383 0.008571428571428572 0.025714285714285714
0 0.6353571428571428 0.2423809523809524 0.0035714285714285713 0.012380952380952381
0 0.6375 0.24142857142857144 0.0035714285714285713 0.010476190476190476
0 0.6396428571428572 0.24047619047619048 0.0035714285714285713 0.010476190476190476
0 0.6425 0.24047619047619048 0.0035714285714285713 0.012380952380952381
0 0.2517857142857143 0.5433333333333333 0.020714285714285713 0.04285714285714286
0 0.25285714285714284 0.5476190476190477 0.04428571428571428 0.03428571428571429
