0 0.4 0.6414285714285715 0.02857142857142857 0.06190476190476191
0 0.2625 0.628095238095238 0.027857142857142858 0.06571428571428571
0 0.19357142857142856 0.6242857142857143 0.027142857142857142 0.06761904761904762
0 0.06964285714285715 0.5919047619047619 0.02642857142857143 0.06190476190476191
0 0.14392857142857143 0.6985714285714286 0.04071428571428572 0.06380952380952382
0 0.1575 0.6847619047619048 0.03214285714285714 0.06476190476190476
0 0.17857142857142858 0.44904761904761903 0.017142857142857144 0.05047619047619047
0 0.12535714285714286 0.36714285714285716 0.016428571428571428 0.035238095238095235
0 0.06642857142857143 0.52 0.02 0.05333333333333334
0 0.0725 0.5076190476190476 0.023571428571428573 0.045714285714285714
0 0.09785714285714285 0.45476190476190476 0.017142857142857144 0.025714285714285714
0 0.29035714285714287 0.5904761904761905 0.019285714285714285 0.06285714285714286
0 0.31214285714285717 0.5871428571428572 0.02142857142857143 0.04857142857142857
0 0.3892857142857143 0.5342857142857143 0.02142857142857143 0.049523809523809526
0 0.27035714285714285 0.5347619047619048 0.020714285714285713 0.04285714285714286
0 0.34214285714285714 0.5085714285714286 0.022857142857142857 0.04380952380952381
0 0.3382142857142857 0.4866666666666667 0.019285714285714285 0.047619047619047616
0 0.30964285714285716 0.4757142857142857 0.010714285714285714 0.040952380952380955
0 0.30107142857142855 0.4704761904761905 0.016428571428571428 0.04380952380952381
0 0.07535714285714286 0.3304761904761905 0.012142857142857143 0.02857142857142857
0 0.46464285714285714 0.35904761904761906 0.007857142857142858 0.03238095238095238
0 0.42178571428571426 0.3466666666666667 0.047857142857142855 0.030476190476190476
0 0.3917857142857143 0.3304761904761905 0.04071428571428572 0.02857142857142857
0 0.3653571428571429 0.31285714285714283 0.03357142857142857 0.03142857142857143
0 0.5689285714285715 0.40523809523809523 0.010714285714285714 0.035238095238095235
0 0.5542857142857143 0.3757142857142857 0.014285714285714285 0.035238095238095235
0 0.5664285714285714 0.34 0.008571428571428572 0.02857142857142857
0 0.5696428571428571 0.31761904761904763 0.007857142857142858 0.02761904761904762
0 0.665 0.36857142857142855 0.008571428571428572 0.03428571428571429
0 0.5103571428571428 0.32 0.007857142857142858 0.02666666666666667
0 0.52 0.3271428571428571 0.007142857142857143 0.014285714285714285
0 0.5078571428571429 0.32095238095238093 0.007142857142857143 0.022857142857142857
0 0.4767857142857143 0.3219047619047619 0.009285714285714286 0.02857142857142857
0 0.41214285714285714 0.2861904761904762 0.005714285714285714 0.02
0 0.40535714285714286 0.2857142857142857 0.0064285714285714285 0.022857142857142857
0 0.4325 0.2947619047619048 0.0064285714285714285 0.021904761904761906
0 0.15285714285714286 0.24095238095238095 0.005714285714285714 0.011428571428571429
0 0.7071428571428572 0.37142857142857144 0.012857142857142857 0.03238095238095238
0 0.7289285714285715 0.4280952380952381 0.007857142857142858 0.040952380952380955
0 0.7353571428571428 0.42857142857142855 0.0064285714285714285 0.02666666666666667
0 0.7460714285714286 0.41285714285714287 0.010714285714285714 0.037142857142857144
0 0.7625 0.4238095238095238 0.015 0.04
0 0.7889285714285714 0.44571428571428573 0.013571428571428571 0.0419047619047619
0 0.7917857142857143 0.4228571428571429 0.010714285714285714 0.04
0 0.7778571428571428 0.40190476190476193 0.014285714285714285 0.03428571428571429
0 0.7839285714285714 0.3933333333333333 0.010714285714285714 0.03238095238095238
0 0.7557142857142857 0.4828571428571429 0.017142857142857144 0.0419047619047619
0 0.8675 0.31 0.007857142857142858 0.025714285714285714
0 0.9317857142857143 0.28904761904761905 0.007857142857142858 0.023809523809523808
0 0.8346428571428571 0.31761904761904763 0.009285714285714286 0.021904761904761906
0 0.8278571428571428 0.3223809523809524 0.01 0.025714285714285714
0 0.8032142857142858 0.33714285714285713 0.007857142857142858 0.02857142857142857
0 0.795 0.33666666666666667 0.005714285714285714 0.025714285714285714
0 0.9864285714285714 0.27904761904761904 0.007142857142857143 0.024761904761904763
0 0.98 0.29285714285714287 0.005714285714285714 0.018095238095238095
0 0.9717857142857143 0.29333333333333333 0.010714285714285714 0.024761904761904763
0 0.9146428571428571 0.3238095238095238 0.010714285714285714 0.02857142857142857
0 0.8828571428571429 0.32666666666666666 0.008571428571428572 0.030476190476190476
