0 0.5078571428571429 0.15476190476190477 0.01 0.02761904761904762
0 0.49964285714285717 0.14047619047619048 0.007857142857142858 0.03142857142857143
0 0.4942857142857143 0.33285714285714285 0.011428571428571429 0.02761904761904762
0 0.30857142857142855 0.570952380952381 0.014285714285714285 0.02761904761904762
0 0.2332142857142857 0.35714285714285715 0.013571428571428571 0.022857142857142857
0 0.21571428571428572 0.44476190476190475 0.012857142857142857 0.02095238095238095
0 0.30178571428571427 0.15333333333333332 0.012142857142857143 0.024761904761904763
0 0.29928571428571427 0.014285714285714285 0.01 0.01904761904761905
0 0.48214285714285715 0.5057142857142857 0.011428571428571429 0.01904761904761905
0 0.485 0.49238095238095236 0.007142857142857143 0.022857142857142857
0 0.48428571428571426 0.4804761904761905 0.008571428571428572 0.023809523809523808
0 0.48428571428571426 0.47095238095238096 0.007142857142857143 0.023809523809523808
