0 0.18571428571428572 0.16095238095238096 0.018571428571428572 0.04
0 0.06428571428571428 0.3761904761904762 0.03142857142857143 0.047619047619047616
0 0.1992857142857143 0.530952380952381 0.025714285714285714 0.054285714285714284
0 0.23714285714285716 0.5276190476190477 0.027142857142857142 0.05904761904761905
0 0.03678571428571428 0.6957142857142857 0.03214285714285714 0.054285714285714284
0 0.5117857142857143 0.15857142857142856 0.0064285714285714285 0.021904761904761906
0 0.46 0.1580952380952381 0.01 0.030476190476190476
0 0.4092857142857143 0.07952380952380952 0.015714285714285715 0.04285714285714286
0 0.44642857142857145 0.013333333333333334 0.012857142857142857 0.02666666666666667
0 0.5146428571428572 0.11904761904761904 0.015 0.04
0 0.7714285714285715 0.28 0.014285714285714285 0.03238095238095238
