0 0.0875 0.09095238095238095 0.005 0.008571428571428572
0 0.013214285714285715 0.06761904761904762 0.0064285714285714285 0.005714285714285714
0 0.015714285714285715 0.4085714285714286 0.007142857142857143 0.005714285714285714
0 0.3078571428571429 0.16380952380952382 0.004285714285714286 0.011428571428571429
0 0.6896428571428571 0.6928571428571428 0.0064285714285714285 0.006666666666666667
0 0.7060714285714286 0.7 0.0064285714285714285 0.005714285714285714
0 0.6875 0.8690476190476191 0.0035714285714285713 0.004761904761904762
0 0.6914285714285714 0.8752380952380953 0.007142857142857143 0.007619047619047619
0 0.7439285714285714 0.5519047619047619 0.0064285714285714285 0.006666666666666667
0 0.5146428571428572 0.4157142857142857 0.0035714285714285713 0.006666666666666667
0 0.5125 0.4195238095238095 0.0035714285714285713 0.006666666666666667
0 0.5975 0.5119047619047619 0.0035714285714285713 0.006666666666666667
0 0.41678571428571426 0.4185714285714286 0.0035714285714285713 0.008571428571428572
0 0.42 0.4480952380952381 0.004285714285714286 0.006666666666666667
0 0.37285714285714283 0.2814285714285714 0.004285714285714286 0.008571428571428572
0 0.37535714285714283 0.27666666666666667 0.0035714285714285713 0.006666666666666667
0 0.3317857142857143 0.19952380952380952 0.005 0.008571428571428572
