0 0.5707142857142857 0.24714285714285714 0.007142857142857143 0.021904761904761906
0 0.5642857142857143 0.2642857142857143 0.004285714285714286 0.01619047619047619
0 0.5528571428571428 0.30523809523809525 0.005714285714285714 0.02761904761904762
0 0.5428571428571428 0.3057142857142857 0.005714285714285714 0.02666666666666667
0 0.5125 0.062380952380952384 0.0035714285714285713 0.014285714285714285
0 0.6382142857142857 0.38 0.005 0.024761904761904763
0 0.7603571428571428 0.28095238095238095 0.010714285714285714 0.03238095238095238
0 0.8232142857142857 0.4076190476190476 0.012142857142857143 0.030476190476190476
0 0.23964285714285713 0.16333333333333333 0.009285714285714286 0.014285714285714285
0 0.22214285714285714 0.1595238095238095 0.007142857142857143 0.014285714285714285
0 0.20035714285714284 0.16857142857142857 0.009285714285714286 0.013333333333333334
0 0.5446428571428571 0.09714285714285714 0.012142857142857143 0.015238095238095238
0 0.5607142857142857 0.13857142857142857 0.008571428571428572 0.01619047619047619
0 0.5467857142857143 0.13 0.009285714285714286 0.014285714285714285
