0 0.516 0.964 0.007 0.028
0 0.4965 0.877 0.005 0.023333333333333334
0 0.50225 0.8763333333333333 0.0075 0.018
0 0.18225 0.598 0.0045 0.010666666666666666
0 0.205 0.622 0.007 0.014666666666666666
0 0.21125 0.6256666666666667 0.0075 0.016666666666666666
0 0.21225 0.62 0.0065 0.016
0 0.233 0.628 0.005 0.014666666666666666
0 0.22675 0.623 0.0075 0.015333333333333332
0 0.2265 0.6193333333333333 0.005 0.016
0 0.04875 0.3536666666666667 0.0035 0.007333333333333333
0 0.37175 0.6443333333333333 0.0055 0.012666666666666666
0 0.33775 0.6376666666666667 0.0065 0.014
