0 0.2382142857142857 0.7961904761904762 0.027857142857142858 0.06857142857142857
0 0.21607142857142858 0.81 0.02214285714285714 0.06190476190476191
0 0.7960714285714285 0.6823809523809524 0.017857142857142856 0.05047619047619047
0 0.7771428571428571 0.6604761904761904 0.018571428571428572 0.05238095238095238
0 0.7585714285714286 0.6642857142857143 0.011428571428571429 0.05047619047619047
0 0.24464285714285713 0.6628571428571428 0.017857142857142856 0.047619047619047616
0 0.1707142857142857 0.13857142857142857 0.002857142857142857 0.010476190476190476
0 0.17285714285714285 0.13857142857142857 0.002857142857142857 0.008571428571428572
0 0.03857142857142857 0.2866666666666667 0.01 0.022857142857142857
0 0.1392857142857143 0.2876190476190476 0.008571428571428572 0.022857142857142857
0 0.8625 0.41904761904761906 0.012142857142857143 0.04
