0 0.0315 0.6773333333333333 0.031 0.016
0 0.0435 0.662 0.023 0.010666666666666666
0 0.0465 0.6916666666666667 0.024 0.012666666666666666
0 0.0505 0.713 0.04 0.023333333333333334
0 0.035 0.7336666666666667 0.017 0.01
0 0.238 0.652 0.027 0.02266666666666667
0 0.231 0.5726666666666667 0.028 0.024
0 0.34475 0.638 0.0215 0.028
0 0.3175 0.6876666666666666 0.023 0.015333333333333332
0 0.28675 0.603 0.0295 0.027333333333333334
0 0.329 0.5726666666666667 0.02 0.029333333333333333
0 0.6225 0.724 0.018 0.032
0 0.697 0.6033333333333334 0.018 0.021333333333333333
0 0.7115 0.611 0.024 0.028666666666666667
0 0.88925 0.46066666666666667 0.0235 0.024
0 0.84875 0.475 0.0295 0.038
0 0.788 0.4656666666666667 0.021 0.03666666666666667
0 0.77175 0.439 0.0155 0.03
0 0.55325 0.44866666666666666 0.0095 0.028
0 0.54725 0.42633333333333334 0.0125 0.023333333333333334
0 0.49775 0.37033333333333335 0.0165 0.027333333333333334
0 0.573 0.361 0.009 0.020666666666666667
0 0.5115 0.334 0.012 0.02666666666666667
0 0.78575 0.6256666666666667 0.0215 0.024666666666666667
0 0.78225 0.6686666666666666 0.0215 0.02266666666666667
0 0.38925 0.6213333333333333 0.0255 0.030666666666666665
0 0.759 0.6216666666666667 0.02 0.027333333333333334
