0 0.6067857142857143 0.04523809523809524 0.013571428571428571 0.039047619047619046
0 0.6596428571428572 0.15714285714285714 0.012142857142857143 0.03238095238095238
0 0.625 0.27904761904761904 0.01 0.03428571428571429
0 0.7328571428571429 0.13095238095238096 0.015714285714285715 0.03142857142857143
0 0.6878571428571428 0.3352380952380952 0.014285714285714285 0.03428571428571429
0 0.7060714285714286 0.3271428571428571 0.020714285714285713 0.03142857142857143
0 0.7953571428571429 0.4847619047619048 0.012142857142857143 0.017142857142857144
0 0.7589285714285714 0.5804761904761905 0.016428571428571428 0.021904761904761906
0 0.7710714285714285 0.5742857142857143 0.013571428571428571 0.017142857142857144
0 0.7867857142857143 0.7014285714285714 0.013571428571428571 0.018095238095238095
0 0.8196428571428571 0.6623809523809524 0.020714285714285713 0.018095238095238095
0 0.8639285714285714 0.7590476190476191 0.023571428571428573 0.01904761904761905
0 0.8525 0.589047619047619 0.009285714285714286 0.018095238095238095
0 0.8596428571428572 0.6004761904761905 0.015 0.01619047619047619
0 0.8782142857142857 0.5942857142857143 0.017857142857142856 0.015238095238095238
0 0.8871428571428571 0.5704761904761905 0.015714285714285715 0.017142857142857144
0 0.8985714285714286 0.5752380952380952 0.015714285714285715 0.011428571428571429
0 0.9085714285714286 0.5685714285714286 0.014285714285714285 0.01904761904761905
0 0.9314285714285714 0.56 0.017142857142857144 0.02095238095238095
0 0.9096428571428572 0.6185714285714285 0.013571428571428571 0.012380952380952381
0 0.8953571428571429 0.6285714285714286 0.013571428571428571 0.017142857142857144
0 0.8585714285714285 0.6642857142857143 0.015714285714285715 0.021904761904761906
0 0.8767857142857143 0.6514285714285715 0.015 0.015238095238095238
0 0.8732142857142857 0.6985714285714286 0.013571428571428571 0.01619047619047619
0 0.8953571428571429 0.6838095238095238 0.012142857142857143 0.013333333333333334
0 0.9032142857142857 0.6995238095238095 0.015 0.021904761904761906
0 0.9303571428571429 0.6628571428571428 0.015 0.017142857142857144
0 0.9375 0.6828571428571428 0.013571428571428571 0.017142857142857144
0 0.9171428571428571 0.69 0.014285714285714285 0.02
0 0.91 0.7404761904761905 0.02 0.018095238095238095
0 0.9078571428571428 0.7661904761904762 0.014285714285714285 0.02
0 0.93 0.7723809523809524 0.02142857142857143 0.024761904761904763
0 0.9296428571428571 0.7471428571428571 0.012142857142857143 0.01619047619047619
0 0.9464285714285714 0.7323809523809524 0.017142857142857144 0.017142857142857144
0 0.9646428571428571 0.7485714285714286 0.017857142857142856 0.015238095238095238
0 0.9817857142857143 0.7428571428571429 0.023571428571428573 0.017142857142857144
0 0.9732142857142857 0.7795238095238095 0.019285714285714285 0.018095238095238095
0 0.9675 0.8004761904761905 0.019285714285714285 0.01619047619047619
0 0.9542857142857143 0.8161904761904762 0.01 0.015238095238095238
0 0.9492857142857143 0.8433333333333334 0.012857142857142857 0.02
0 0.9746428571428571 0.8976190476190476 0.015 0.021904761904761906
0 0.9692857142857143 0.8728571428571429 0.014285714285714285 0.018095238095238095
0 0.9882142857142857 0.9723809523809523 0.019285714285714285 0.01904761904761905
0 0.975 0.8157142857142857 0.014285714285714285 0.01619047619047619
0 0.9925 0.8114285714285714 0.012142857142857143 0.02095238095238095
0 0.9939285714285714 0.7852380952380953 0.012142857142857143 0.018095238095238095
