0 0.09785714285714285 0.7661904761904762 0.02142857142857143 0.02761904761904762
0 0.3053571428571429 0.910952380952381 0.02214285714285714 0.02761904761904762
0 0.38607142857142857 0.17809523809523808 0.010714285714285714 0.022857142857142857
0 0.3335714285714286 0.4038095238095238 0.015714285714285715 0.02666666666666667
0 0.24142857142857144 0.5547619047619048 0.011428571428571429 0.02761904761904762
0 0.25785714285714284 0.5223809523809524 0.015714285714285715 0.025714285714285714
0 0.26964285714285713 0.44 0.012142857142857143 0.024761904761904763
0 0.2885714285714286 0.4514285714285714 0.014285714285714285 0.02666666666666667
0 0.2735714285714286 0.4738095238095238 0.012857142857142857 0.021904761904761906
0 0.2810714285714286 0.4576190476190476 0.010714285714285714 0.023809523809523808
0 0.3082142857142857 0.5385714285714286 0.010714285714285714 0.021904761904761906
0 0.4521428571428571 0.16476190476190475 0.008571428571428572 0.02095238095238095
0 0.8521428571428571 0.48095238095238096 0.015714285714285715 0.022857142857142857
0 0.7942857142857143 0.4095238095238095 0.014285714285714285 0.024761904761904763
0 0.8885714285714286 0.027142857142857142 0.01 0.018095238095238095
0 0.7125 0.024285714285714285 0.007857142857142858 0.021904761904761906
0 0.7221428571428572 0.02857142857142857 0.004285714285714286 0.009523809523809525
0 0.9946428571428572 0.2042857142857143 0.010714285714285714 0.025714285714285714
0 0.9567857142857142 0.4795238095238095 0.015 0.03142857142857143
