0 0.047142857142857146 0.14593908629441624 0.002857142857142857 0.007614213197969543
0 0.0425 0.5285532994923858 0.005 0.01903553299492386
0 0.3657142857142857 0.28553299492385786 0.002857142857142857 0.012690355329949238
0 0.4007142857142857 0.309010152284264 0.002857142857142857 0.008883248730964468
0 0.4035714285714286 0.3115482233502538 0.002857142857142857 0.011421319796954314
0 0.5242857142857142 0.7937817258883249 0.007142857142857143 0.013959390862944163
0 0.5225 0.7899746192893401 0.005 0.011421319796954314
0 0.5282142857142857 0.5222081218274112 0.005 0.011421319796954314
0 0.685 0.5361675126903553 0.005714285714285714 0.013959390862944163
0 0.7135714285714285 0.5399746192893401 0.005714285714285714 0.013959390862944163
