0 0.14642857142857144 0.849047619047619 0.03 0.037142857142857144
0 0.055357142857142855 0.6266666666666667 0.03214285714285714 0.049523809523809526
0 0.0775 0.6061904761904762 0.019285714285714285 0.01619047619047619
0 0.44571428571428573 0.43714285714285717 0.018571428571428572 0.047619047619047616
0 0.12607142857142858 0.4442857142857143 0.023571428571428573 0.04666666666666667
0 0.12428571428571429 0.43142857142857144 0.011428571428571429 0.02095238095238095
0 0.7939285714285714 0.26857142857142857 0.017857142857142856 0.0380952380952381
0 0.7860714285714285 0.2523809523809524 0.016428571428571428 0.0419047619047619
0 0.8892857142857142 0.32142857142857145 0.032857142857142856 0.021904761904761906
0 0.7657142857142857 0.047619047619047616 0.011428571428571429 0.02666666666666667
0 0.8103571428571429 0.01380952380952381 0.012142857142857143 0.025714285714285714
0 0.325 0.1380952380952381 0.012857142857142857 0.02857142857142857
0 0.3292857142857143 0.1676190476190476 0.011428571428571429 0.03619047619047619
