0 0.6298283261802575 0.8807251908396947 0.015021459227467811 0.04770992366412214
0 0.9424177396280401 0.7800572519083969 0.023605150214592276 0.04484732824427481
0 0.9127324749642346 0.4265267175572519 0.01430615164520744 0.03244274809160305
0 0.9127324749642346 0.7208969465648855 0.02145922746781116 0.046755725190839696
0 0.43240343347639487 0.9532442748091603 0.022174535050071532 0.04770992366412214
0 0.5536480686695279 0.4933206106870229 0.01430615164520744 0.04007633587786259
0 0.388412017167382 0.8845419847328244 0.017167381974248927 0.05343511450381679
0 0.42131616595135907 0.8931297709923665 0.017167381974248927 0.04770992366412214
0 0.4138054363376252 0.8673664122137404 0.0178826895565093 0.03816793893129771
0 0.4180972818311874 0.8435114503816794 0.013590844062947067 0.04198473282442748
0 0.37875536480686695 0.8492366412213741 0.022174535050071532 0.03816793893129771
0 0.40450643776824036 0.7223282442748091 0.02074391988555079 0.04389312977099236
0 0.4341917024320458 0.6541030534351145 0.017167381974248927 0.046755725190839696
0 0.4080829756795422 0.5033396946564885 0.015021459227467811 0.033396946564885496
0 0.5050071530758226 0.4389312977099237 0.008583690987124463 0.02099236641221374
0 0.4917739628040057 0.44179389312977096 0.01072961373390558 0.02099236641221374
0 0.5121602288984263 0.33969465648854963 0.00715307582260372 0.02862595419847328
0 0.5304005722460658 0.3196564885496183 0.009298998569384835 0.030534351145038167
0 0.5364806866952789 0.31774809160305345 0.00715307582260372 0.02480916030534351
0 0.17632331902718168 0.25763358778625955 0.007868383404864092 0.02480916030534351
0 0.463519313304721 0.2361641221374046 0.00715307582260372 0.02194656488549618
0 0.453862660944206 0.2433206106870229 0.006437768240343348 0.01717557251908397
0 0.3698140200286123 0.19751908396946566 0.005722460658082976 0.013358778625954198
0 0.44778254649499283 0.16793893129770993 0.005722460658082976 0.015267175572519083
0 0.48175965665236054 0.2275763358778626 0.005007153075822604 0.02194656488549618
0 0.3791130185979971 0.44513358778625955 0.012875536480686695 0.02767175572519084
0 0.3948497854077253 0.43940839694656486 0.011444921316165951 0.04103053435114504
0 0.3952074391988555 0.41412213740458015 0.013590844062947067 0.03435114503816794
0 0.37625178826895567 0.14408396946564886 0.002861230329041488 0.011450381679389313
0 0.3741058655221745 0.14360687022900764 0.005722460658082976 0.012404580152671756
0 0.3726752503576538 0.23520992366412213 0.005722460658082976 0.01431297709923664
0 0.34513590844062947 0.19799618320610687 0.005007153075822604 0.012404580152671756
0 0.2521459227467811 0.036736641221374045 0.00357653791130186 0.008587786259541985
0 0.20815450643776823 0.0916030534351145 0.004291845493562232 0.009541984732824428
0 0.3665951359084406 0.13788167938931298 0.005007153075822604 0.016221374045801526
0 0.36587982832618027 0.12118320610687022 0.002145922746781116 0.011450381679389313
0 0.3751788268955651 0.11879770992366412 0.00357653791130186 0.012404580152671756
0 0.3540772532188841 0.125 0.004291845493562232 0.013358778625954198
0 0.3469241773962804 0.1273854961832061 0.005722460658082976 0.01431297709923664
0 0.35050071530758226 0.1269083969465649 0.005722460658082976 0.011450381679389313
