0 0.714 0.927 0.062 0.114
0 0.22275 0.727 0.0615 0.042
0 0.17725 0.6813333333333333 0.0675 0.08933333333333333
0 0.25225 0.589 0.0605 0.07266666666666667
0 0.1025 0.6713333333333333 0.075 0.06666666666666667
0 0.1165 0.49833333333333335 0.067 0.06066666666666667
0 0.05575 0.351 0.0925 0.05266666666666667
0 0.09125 0.27666666666666667 0.1015 0.084
0 0.4355 0.10733333333333334 0.045 0.096
0 0.5685 0.06266666666666666 0.034 0.10666666666666667
0 0.5585 0.037 0.023 0.04733333333333333
0 0.61875 0.3586666666666667 0.0455 0.07733333333333334
