0 0.49504175365344466 0.9828385899814471 0.009916492693110648 0.032467532467532464
0 0.5036534446764092 0.7458256029684601 0.009394572025052192 0.025974025974025976
0 0.5041753653444676 0.7439703153988868 0.007306889352818371 0.027829313543599257
0 0.5237473903966597 0.6076066790352505 0.009916492693110648 0.025974025974025976
0 0.4428496868475992 0.6952690166975881 0.008872651356993737 0.02504638218923933
0 0.4342379958246347 0.6915584415584416 0.008350730688935281 0.01948051948051948
0 0.4462421711899791 0.6771799628942486 0.010438413361169102 0.029684601113172542
0 0.4694676409185804 0.6419294990723562 0.007828810020876827 0.03339517625231911
0 0.4723382045929019 0.6354359925788498 0.006263048016701462 0.03153988868274583
0 0.5070459290187892 0.28339517625231914 0.004697286012526096 0.017625231910946195
0 0.5242693110647182 0.3010204081632653 0.0036534446764091857 0.017625231910946195
0 0.5161795407098121 0.3047309833024119 0.0041753653444676405 0.021335807050092765
0 0.5388830897703549 0.325139146567718 0.0036534446764091857 0.013914656771799629
0 0.5493215031315241 0.3344155844155844 0.004697286012526096 0.015769944341372914
0 0.5425365344467641 0.40213358070500926 0.004697286012526096 0.015769944341372914
0 0.5211377870563675 0.25556586270871984 0.004697286012526096 0.017625231910946195
0 0.543580375782881 0.29313543599257885 0.0036534446764091857 0.012987012987012988
0 0.5808977035490606 0.30009276437847865 0.003131524008350731 0.017625231910946195
0 0.5292275574112735 0.1767161410018553 0.003131524008350731 0.013914656771799629
0 0.5302713987473904 0.17207792207792208 0.003131524008350731 0.012059369202226345
0 0.5323590814196242 0.17532467532467533 0.003131524008350731 0.012987012987012988
0 0.5605427974947808 0.17532467532467533 0.003131524008350731 0.00927643784786642
0 0.5652400835073069 0.17764378478664192 0.0020876826722338203 0.008348794063079777
0 0.5657620041753654 0.16326530612244897 0.003131524008350731 0.00927643784786642
0 0.5605427974947808 0.150278293135436 0.0020876826722338203 0.00927643784786642
0 0.581419624217119 0.14656771799628943 0.003131524008350731 0.0074211502782931356
0 0.5367954070981211 0.5440630797773655 0.007828810020876827 0.023191094619666047
0 0.625 0.5217996289424861 0.005741127348643006 0.0287569573283859
0 0.6150835073068893 0.2602040816326531 0.0026096033402922755 0.015769944341372914
0 0.6122129436325678 0.26159554730983303 0.0041753653444676405 0.016697588126159554
0 0.6127348643006263 0.25510204081632654 0.0041753653444676405 0.014842300556586271
0 0.5545407098121086 0.22959183673469388 0.0036534446764091857 0.008348794063079777
0 0.5540187891440501 0.2258812615955473 0.0026096033402922755 0.01020408163265306
0 0.6090814196242171 0.20732838589981448 0.0041753653444676405 0.013914656771799629
0 0.5983820459290188 0.10250463821892393 0.0015657620041753654 0.006493506493506494
0 0.5631524008350731 0.1038961038961039 0.0020876826722338203 0.0074211502782931356
0 0.56419624217119 0.11178107606679036 0.0020876826722338203 0.006493506493506494
0 0.5662839248434238 0.09786641929499072 0.0020876826722338203 0.006493506493506494
0 0.5701983298538622 0.09972170686456401 0.0015657620041753654 0.006493506493506494
0 0.5694154488517745 0.10528756957328386 0.0020876826722338203 0.006493506493506494
0 0.5795929018789144 0.1038961038961039 0.0026096033402922755 0.0074211502782931356
0 0.579070981210856 0.09601113172541743 0.0026096033402922755 0.008348794063079777
0 0.5835073068893528 0.10204081632653061 0.0020876826722338203 0.011131725417439703
0 0.5712421711899791 0.04777365491651206 0.0015657620041753654 0.00463821892393321
0 0.581419624217119 0.040352504638218926 0.0020876826722338203 0.00463821892393321
