0 0.9778183716075156 0.8636363636363636 0.015135699373695199 0.03153988868274583
0 0.9639874739039666 0.898886827458256 0.015657620041753653 0.029684601113172542
0 0.8087160751565762 0.20500927643784786 0.005741127348643006 0.016697588126159554
0 0.9136221294363257 0.09461966604823747 0.005741127348643006 0.012987012987012988
0 0.9175365344467641 0.09601113172541743 0.005219206680584551 0.012059369202226345
0 0.44467640918580376 0.5598330241187384 0.008350730688935281 0.0287569573283859
0 0.4308455114822547 0.5092764378478665 0.006784968684759917 0.02411873840445269
0 0.45224425887265135 0.48283858998144713 0.006784968684759917 0.023191094619666047
0 0.30088726513569936 0.6743970315398887 0.008872651356993737 0.01855287569573284
0 0.21894572025052192 0.3696660482374768 0.006784968684759917 0.012059369202226345
0 0.11403966597077245 0.2564935064935065 0.004697286012526096 0.015769944341372914
0 0.10725469728601253 0.2564935064935065 0.005741127348643006 0.015769944341372914
0 0.06028183716075156 0.23469387755102042 0.005741127348643006 0.016697588126159554
0 0.04175365344467641 0.1906307977736549 0.0041753653444676405 0.015769944341372914
