0 0.16607142857142856 0.3566666666666667 0.0064285714285714285 0.014285714285714285
0 0.17214285714285715 0.35285714285714287 0.008571428571428572 0.023809523809523808
0 0.20607142857142857 0.36952380952380953 0.010714285714285714 0.022857142857142857
0 0.21964285714285714 0.36714285714285716 0.009285714285714286 0.025714285714285714
0 0.22428571428571428 0.5452380952380952 0.014285714285714285 0.03333333333333333
0 0.5142857142857142 0.6047619047619047 0.011428571428571429 0.0419047619047619
0 0.5260714285714285 0.6033333333333334 0.019285714285714285 0.04285714285714286
0 0.5546428571428571 0.6323809523809524 0.013571428571428571 0.04380952380952381
0 0.5610714285714286 0.6266666666666667 0.010714285714285714 0.04380952380952381
0 0.8707142857142857 0.8238095238095238 0.024285714285714285 0.06095238095238095
0 0.9560714285714286 0.7966666666666666 0.03642857142857143 0.06761904761904762
0 0.9871428571428571 0.7623809523809524 0.024285714285714285 0.04857142857142857
0 0.7514285714285714 0.9347619047619048 0.02142857142857143 0.06
0 0.7525 0.93 0.020714285714285713 0.04285714285714286
0 0.9760714285714286 0.5561904761904762 0.02214285714285714 0.0419047619047619
0 0.9117857142857143 0.5271428571428571 0.017857142857142856 0.037142857142857144
0 0.9928571428571429 0.37952380952380954 0.005714285714285714 0.023809523809523808
0 0.9957142857142857 0.37857142857142856 0.007142857142857143 0.023809523809523808
0 0.9235714285714286 0.3638095238095238 0.007142857142857143 0.02095238095238095
0 0.9307142857142857 0.3628571428571429 0.007142857142857143 0.01904761904761905
0 0.8939285714285714 0.3676190476190476 0.0064285714285714285 0.01904761904761905
0 0.8925 0.36428571428571427 0.009285714285714286 0.02
0 0.8542857142857143 0.37238095238095237 0.008571428571428572 0.013333333333333334
0 0.8682142857142857 0.3780952380952381 0.007857142857142858 0.02095238095238095
0 0.6435714285714286 0.4604761904761905 0.012857142857142857 0.035238095238095235
0 0.6432142857142857 0.32047619047619047 0.0064285714285714285 0.018095238095238095
0 0.4957142857142857 0.5052380952380953 0.008571428571428572 0.035238095238095235
0 0.5503571428571429 0.4514285714285714 0.009285714285714286 0.03428571428571429
0 0.41285714285714287 0.44857142857142857 0.01 0.02857142857142857
0 0.5585714285714286 0.4204761904761905 0.007142857142857143 0.023809523809523808
0 0.55 0.41619047619047617 0.007142857142857143 0.022857142857142857
0 0.5442857142857143 0.4138095238095238 0.007142857142857143 0.02
0 0.5707142857142857 0.3171428571428571 0.005714285714285714 0.017142857142857144
0 0.5685714285714286 0.3157142857142857 0.004285714285714286 0.01619047619047619
0 0.5667857142857143 0.3161904761904762 0.0035714285714285713 0.011428571428571429
0 0.56 0.30666666666666664 0.004285714285714286 0.009523809523809525
0 0.4092857142857143 0.38666666666666666 0.007142857142857143 0.02095238095238095
0 0.43964285714285717 0.3861904761904762 0.007857142857142858 0.025714285714285714
0 0.42892857142857144 0.37857142857142856 0.0064285714285714285 0.01619047619047619
0 0.375 0.379047619047619 0.008571428571428572 0.02095238095238095
0 0.34464285714285714 0.4419047619047619 0.010714285714285714 0.030476190476190476
