0 0.6532142857142857 0.4423809523809524 0.016428571428571428 0.02
0 0.6153571428571428 0.28904761904761905 0.012142857142857143 0.029523809523809525
0 0.5825 0.3061904761904762 0.013571428571428571 0.023809523809523808
0 0.5878571428571429 0.29428571428571426 0.011428571428571429 0.024761904761904763
0 0.5725 0.2757142857142857 0.016428571428571428 0.02761904761904762
0 0.5782142857142857 0.20476190476190476 0.012142857142857143 0.03238095238095238
0 0.5914285714285714 0.20952380952380953 0.012857142857142857 0.03238095238095238
0 0.6003571428571428 0.20523809523809525 0.010714285714285714 0.040952380952380955
0 0.5189285714285714 0.14666666666666667 0.010714285714285714 0.02857142857142857
0 0.5317857142857143 0.1376190476190476 0.010714285714285714 0.03142857142857143
0 0.5796428571428571 0.11238095238095239 0.010714285714285714 0.03238095238095238
0 0.5092857142857142 0.05619047619047619 0.011428571428571429 0.02857142857142857
