0 0.5710714285714286 0.7038095238095238 0.017857142857142856 0.05142857142857143
0 0.7357142857142858 0.8461904761904762 0.02142857142857143 0.054285714285714284
0 0.7235714285714285 0.6009523809523809 0.022857142857142857 0.049523809523809526
0 0.5789285714285715 0.30142857142857143 0.010714285714285714 0.03333333333333333
0 0.3914285714285714 0.20809523809523808 0.01 0.023809523809523808
0 0.44 0.17523809523809525 0.027142857142857142 0.03238095238095238
0 0.40714285714285714 0.1761904761904762 0.024285714285714285 0.03238095238095238
0 0.24642857142857144 0.42714285714285716 0.012857142857142857 0.040952380952380955
0 0.2760714285714286 0.3352380952380952 0.03214285714285714 0.04380952380952381
0 0.07571428571428572 0.02761904761904762 0.004285714285714286 0.015238095238095238
0 0.8364285714285714 0.32476190476190475 0.01 0.024761904761904763
0 0.8425 0.3242857142857143 0.009285714285714286 0.029523809523809525
