0 0.22964285714285715 0.008571428571428572 0.0035714285714285713 0.011428571428571429
0 0.23392857142857143 0.01 0.002142857142857143 0.006666666666666667
0 0.2357142857142857 0.007619047619047619 0.002857142857142857 0.011428571428571429
0 0.21214285714285713 0.16428571428571428 0.004285714285714286 0.01619047619047619
0 0.2664285714285714 0.3 0.007142857142857143 0.022857142857142857
0 0.28964285714285715 0.960952380952381 0.013571428571428571 0.03238095238095238
0 0.6017857142857143 0.5985714285714285 0.007857142857142858 0.021904761904761906
0 0.5957142857142858 0.6057142857142858 0.008571428571428572 0.017142857142857144
0 0.8210714285714286 0.5314285714285715 0.009285714285714286 0.02095238095238095
0 0.6625 0.4261904761904762 0.007857142857142858 0.023809523809523808
0 0.6653571428571429 0.4204761904761905 0.0035714285714285713 0.008571428571428572
0 0.7575 0.43476190476190474 0.007857142857142858 0.010476190476190476
0 0.7535714285714286 0.43142857142857144 0.011428571428571429 0.02666666666666667
0 0.7539285714285714 0.4204761904761905 0.0064285714285714285 0.02
0 0.9532142857142857 0.13857142857142857 0.007857142857142858 0.010476190476190476
0 0.9446428571428571 0.1980952380952381 0.005 0.017142857142857144
0 0.9446428571428571 0.18428571428571427 0.0064285714285714285 0.01619047619047619
0 0.9385714285714286 0.19047619047619047 0.004285714285714286 0.015238095238095238
0 0.8807142857142857 0.09380952380952381 0.005714285714285714 0.012380952380952381
0 0.7564285714285715 0.3080952380952381 0.005714285714285714 0.014285714285714285
0 0.7832142857142858 0.20857142857142857 0.0064285714285714285 0.01904761904761905
