0 0.5767857142857142 0.7829949238578681 0.010714285714285714 0.025380710659898477
0 0.5842857142857143 0.7620558375634517 0.012857142857142857 0.024111675126903553
0 0.3082142857142857 0.18908629441624367 0.012142857142857143 0.03807106598984772
0 0.3325 0.18527918781725888 0.016428571428571428 0.027918781725888325
0 0.33464285714285713 0.16434010152284265 0.017857142857142856 0.02918781725888325
0 0.385 0.23921319796954316 0.012857142857142857 0.031725888324873094
0 0.4010714285714286 0.24048223350253808 0.013571428571428571 0.031725888324873094
0 0.3867857142857143 0.26015228426395937 0.012142857142857143 0.02030456852791878
0 0.3964285714285714 0.282994923857868 0.011428571428571429 0.025380710659898477
0 0.4 0.3248730964467005 0.01 0.027918781725888325
0 0.49464285714285716 0.27347715736040606 0.010714285714285714 0.021573604060913704
0 0.5053571428571428 0.26015228426395937 0.010714285714285714 0.017766497461928935
0 0.525 0.14022842639593908 0.014285714285714285 0.02918781725888325
0 0.4932142857142857 0.20558375634517767 0.017857142857142856 0.02284263959390863
0 0.5628571428571428 0.15418781725888325 0.012857142857142857 0.024111675126903553
0 0.34535714285714286 0.03299492385786802 0.013571428571428571 0.02030456852791878
0 0.3342857142857143 0.05203045685279188 0.008571428571428572 0.017766497461928935
0 0.3532142857142857 0.06345177664974619 0.009285714285714286 0.02030456852791878
