0 0.7239285714285715 0.5876190476190476 0.019285714285714285 0.049523809523809526
0 0.9117857142857143 0.7033333333333334 0.03357142857142857 0.06190476190476191
0 0.9346428571428571 0.6447619047619048 0.02642857142857143 0.05333333333333334
0 0.9089285714285714 0.29619047619047617 0.010714285714285714 0.024761904761904763
0 0.8989285714285714 0.36142857142857143 0.013571428571428571 0.021904761904761906
0 0.6732142857142858 0.31142857142857144 0.012142857142857143 0.03428571428571429
0 0.56 0.32571428571428573 0.01 0.024761904761904763
0 0.5628571428571428 0.32285714285714284 0.008571428571428572 0.022857142857142857
0 0.18 0.48333333333333334 0.018571428571428572 0.04476190476190476
0 0.2671428571428571 0.4361904761904762 0.017142857142857144 0.04
0 0.2367857142857143 0.42523809523809525 0.019285714285714285 0.04666666666666667
