0 0.68625 0.5753333333333334 0.0055 0.03333333333333333
0 0.715 0.5633333333333334 0.006 0.03333333333333333
0 0.70725 0.588 0.0055 0.030666666666666665
0 0.71125 0.571 0.0045 0.034
0 0.709 0.5796666666666667 0.007 0.03266666666666666
0 0.63025 0.5143333333333333 0.0115 0.020666666666666667
0 0.711 0.3863333333333333 0.003 0.016666666666666666
0 0.87675 0.31633333333333336 0.0045 0.012666666666666666
0 0.3395 0.387 0.005 0.015333333333333332
0 0.31575 0.37566666666666665 0.0055 0.015333333333333332
0 0.36225 0.39666666666666667 0.0065 0.017333333333333333
0 0.39825 0.3016666666666667 0.0025 0.01
0 0.404 0.2816666666666667 0.002 0.008666666666666666
0 0.7215 0.3436666666666667 0.004 0.014
0 0.69825 0.3433333333333333 0.0035 0.014666666666666666
0 0.70525 0.3446666666666667 0.0035 0.013333333333333334
