0 0.011785714285714287 0.14714285714285713 0.010714285714285714 0.014285714285714285
0 0.054285714285714284 0.21285714285714286 0.007142857142857143 0.012380952380952381
0 0.15285714285714286 0.10571428571428572 0.007142857142857143 0.009523809523809525
0 0.2742857142857143 0.22857142857142856 0.005714285714285714 0.017142857142857144
0 0.2875 0.22333333333333333 0.007857142857142858 0.018095238095238095
0 0.34464285714285714 0.20952380952380953 0.005 0.015238095238095238
0 0.3475 0.21 0.005 0.014285714285714285
0 0.4210714285714286 0.08333333333333333 0.0035714285714285713 0.014285714285714285
0 0.4275 0.08142857142857143 0.0035714285714285713 0.012380952380952381
0 0.43 0.08190476190476191 0.004285714285714286 0.015238095238095238
0 0.3742857142857143 0.2 0.005714285714285714 0.013333333333333334
0 0.6485714285714286 0.21285714285714286 0.004285714285714286 0.014285714285714285
0 0.6457142857142857 0.21285714285714286 0.004285714285714286 0.01619047619047619
