0 0.25607142857142856 0.1199238578680203 0.0035714285714285713 0.013959390862944163
0 0.26357142857142857 0.12436548223350254 0.004285714285714286 0.01015228426395939
0 0.2910714285714286 0.1199238578680203 0.002142857142857143 0.008883248730964468
0 0.2785714285714286 0.14403553299492386 0.002857142857142857 0.011421319796954314
0 0.27214285714285713 0.16434010152284265 0.002857142857142857 0.011421319796954314
0 0.25535714285714284 0.14911167512690354 0.0035714285714285713 0.013959390862944163
0 0.265 0.14784263959390864 0.002857142857142857 0.011421319796954314
0 0.2617857142857143 0.14974619289340102 0.002142857142857143 0.01015228426395939
0 0.26285714285714284 0.16116751269035534 0.002857142857142857 0.01015228426395939
0 0.26821428571428574 0.17258883248730963 0.0035714285714285713 0.015228426395939087
0 0.24107142857142858 0.157994923857868 0.0035714285714285713 0.011421319796954314
0 0.24892857142857142 0.20304568527918782 0.0035714285714285713 0.01015228426395939
0 0.25392857142857145 0.2182741116751269 0.002142857142857143 0.01015228426395939
0 0.24035714285714285 0.2036802030456853 0.0035714285714285713 0.011421319796954314
0 0.24607142857142858 0.21256345177664976 0.0035714285714285713 0.008883248730964468
0 0.23142857142857143 0.18972081218274112 0.002857142857142857 0.011421319796954314
0 0.215 0.19860406091370558 0.002857142857142857 0.011421319796954314
0 0.23035714285714284 0.20558375634517767 0.0035714285714285713 0.012690355329949238
0 0.23607142857142857 0.20748730964467005 0.0035714285714285713 0.011421319796954314
0 0.23464285714285715 0.20431472081218274 0.0035714285714285713 0.01015228426395939
0 0.22357142857142856 0.19796954314720813 0.004285714285714286 0.015228426395939087
0 0.3007142857142857 0.16624365482233502 0.004285714285714286 0.012690355329949238
0 0.305 0.18274111675126903 0.004285714285714286 0.012690355329949238
0 0.3271428571428571 0.17385786802030456 0.002857142857142857 0.012690355329949238
0 0.3175 0.19733502538071065 0.0035714285714285713 0.011421319796954314
0 0.32142857142857145 0.19606598984771573 0.002857142857142857 0.013959390862944163
0 0.3385714285714286 0.19796954314720813 0.002857142857142857 0.012690355329949238
0 0.445 0.13261421319796954 0.002857142857142857 0.013959390862944163
0 0.41035714285714286 0.16434010152284265 0.002142857142857143 0.008883248730964468
0 0.4132142857142857 0.16560913705583757 0.002142857142857143 0.008883248730964468
0 0.4160714285714286 0.16687817258883247 0.002142857142857143 0.008883248730964468
0 0.41892857142857143 0.16878172588832488 0.002142857142857143 0.01015228426395939
0 0.4357142857142857 0.16624365482233502 0.002857142857142857 0.012690355329949238
0 0.4442857142857143 0.16687817258883247 0.002857142857142857 0.008883248730964468
0 0.41285714285714287 0.15862944162436549 0.002857142857142857 0.012690355329949238
0 0.41678571428571426 0.15926395939086294 0.002142857142857143 0.011421319796954314
0 0.4210714285714286 0.16053299492385786 0.0035714285714285713 0.01649746192893401
0 0.46214285714285713 0.157994923857868 0.002857142857142857 0.008883248730964468
0 0.4567857142857143 0.19860406091370558 0.002142857142857143 0.008883248730964468
0 0.4342857142857143 0.2823604060913706 0.002857142857142857 0.013959390862944163
0 0.4117857142857143 0.26015228426395937 0.002142857142857143 0.01015228426395939
0 0.4060714285714286 0.2626903553299492 0.002142857142857143 0.01015228426395939
0 0.40535714285714286 0.26903553299492383 0.002142857142857143 0.01015228426395939
0 0.4007142857142857 0.2772842639593909 0.002857142857142857 0.01649746192893401
0 0.39071428571428574 0.26713197969543145 0.002857142857142857 0.008883248730964468
0 0.39464285714285713 0.26903553299492383 0.002142857142857143 0.01015228426395939
0 0.3964285714285714 0.25761421319796957 0.002857142857142857 0.01015228426395939
0 0.36 0.25761421319796957 0.004285714285714286 0.012690355329949238
0 0.48464285714285715 0.14657360406091371 0.002142857142857143 0.011421319796954314
0 0.39964285714285713 0.1218274111675127 0.0035714285714285713 0.007614213197969543
0 0.39464285714285713 0.1218274111675127 0.005 0.007614213197969543
0 0.35464285714285715 0.11421319796954314 0.002142857142857143 0.007614213197969543
0 0.345 0.11230964467005077 0.002857142857142857 0.008883248730964468
0 0.33785714285714286 0.11104060913705584 0.002857142857142857 0.008883248730964468
0 0.33107142857142857 0.10977157360406091 0.0035714285714285713 0.011421319796954314
0 0.3264285714285714 0.108502538071066 0.004285714285714286 0.011421319796954314
0 0.3192857142857143 0.1065989847715736 0.002857142857142857 0.01015228426395939
0 0.31607142857142856 0.10596446700507614 0.0035714285714285713 0.011421319796954314
