0 0.027139874739039668 0.7105751391465677 0.011482254697286013 0.016697588126159554
0 0.5167014613778705 0.7625231910946196 0.019832985386221295 0.025974025974025976
0 0.4963465553235908 0.5992578849721707 0.015657620041753653 0.027829313543599257
0 0.5153966597077244 0.615491651205937 0.016179540709812108 0.030612244897959183
0 0.49478079331941544 0.2606679035250464 0.013569937369519834 0.025974025974025976
0 0.49739039665970775 0.23933209647495363 0.013569937369519834 0.03525046382189239
0 0.4968684759916493 0.13821892393320964 0.012526096033402923 0.029684601113172542
0 0.49504175365344466 0.05983302411873841 0.010960334029227558 0.02504638218923933
0 0.5151356993736952 0.06957328385899815 0.011482254697286013 0.04081632653061224
0 0.5300104384133612 0.019944341372912802 0.012004175365344467 0.030612244897959183
0 0.5031315240083507 0.1660482374768089 0.014613778705636743 0.029684601113172542
