0 0.205 0.04949238578680203 0.007142857142857143 0.017766497461928935
0 0.21928571428571428 0.3496192893401015 0.007142857142857143 0.01903553299492386
0 0.21392857142857144 0.35406091370558374 0.0064285714285714285 0.02030456852791878
0 0.12142857142857143 0.8470812182741116 0.008571428571428572 0.013959390862944163
0 0.07607142857142857 0.9314720812182741 0.010714285714285714 0.01015228426395939
0 0.12035714285714286 0.9003807106598984 0.012142857142857143 0.013959390862944163
0 0.09928571428571428 0.9530456852791879 0.01 0.012690355329949238
0 0.1225 0.950507614213198 0.009285714285714286 0.017766497461928935
0 0.9571428571428572 0.6142131979695431 0.011428571428571429 0.017766497461928935
0 0.7035714285714286 0.6129441624365483 0.007142857142857143 0.01015228426395939
0 0.69 0.6053299492385786 0.008571428571428572 0.012690355329949238
0 0.8628571428571429 0.6008883248730964 0.012857142857142857 0.01649746192893401
0 0.8739285714285714 0.5939086294416244 0.012142857142857143 0.012690355329949238
0 0.8978571428571429 0.5926395939086294 0.007142857142857143 0.012690355329949238
0 0.8742857142857143 0.5856598984771574 0.005714285714285714 0.011421319796954314
0 0.8989285714285714 0.5843908629441624 0.007857142857142858 0.011421319796954314
0 0.5303571428571429 0.6123096446700508 0.005 0.013959390862944163
0 0.5610714285714286 0.608502538071066 0.007857142857142858 0.013959390862944163
0 0.49857142857142855 0.5323604060913706 0.004285714285714286 0.01903553299492386
0 0.49357142857142855 0.5190355329949239 0.004285714285714286 0.01015228426395939
0 0.4882142857142857 0.5222081218274112 0.0035714285714285713 0.008883248730964468
0 0.49892857142857144 0.49238578680203043 0.005 0.02030456852791878
0 0.48714285714285716 0.49555837563451777 0.005714285714285714 0.01649746192893401
0 0.4907142857142857 0.4803299492385787 0.004285714285714286 0.013959390862944163
0 0.4953571428571429 0.4803299492385787 0.005 0.013959390862944163
0 0.4567857142857143 0.4022842639593909 0.0035714285714285713 0.01015228426395939
