0 0.055714285714285716 0.5042857142857143 0.022857142857142857 0.04285714285714286
0 0.009285714285714286 0.3547619047619048 0.014285714285714285 0.02
0 0.036071428571428574 0.3457142857142857 0.016428571428571428 0.02095238095238095
0 0.047142857142857146 0.3376190476190476 0.018571428571428572 0.018095238095238095
0 0.05928571428571429 0.33476190476190476 0.014285714285714285 0.02
0 0.06892857142857142 0.32857142857142857 0.013571428571428571 0.017142857142857144
0 0.08214285714285714 0.3242857142857143 0.017142857142857144 0.01619047619047619
0 0.4682142857142857 0.19380952380952382 0.010714285714285714 0.023809523809523808
0 0.5296428571428572 0.4776190476190476 0.010714285714285714 0.04285714285714286
0 0.5389285714285714 0.4819047619047619 0.012142857142857143 0.0419047619047619
0 0.5878571428571429 0.4785714285714286 0.014285714285714285 0.039047619047619046
0 0.5978571428571429 0.4480952380952381 0.015714285714285715 0.04476190476190476
0 0.5485714285714286 0.49666666666666665 0.01 0.037142857142857144
0 0.895 0.4990476190476191 0.017142857142857144 0.03619047619047619
0 0.7296428571428571 0.36142857142857143 0.013571428571428571 0.039047619047619046
0 0.8385714285714285 0.28714285714285714 0.014285714285714285 0.03333333333333333
0 0.8814285714285715 0.24333333333333335 0.011428571428571429 0.03333333333333333
0 0.91 0.2857142857142857 0.011428571428571429 0.03428571428571429
0 0.8882142857142857 0.2895238095238095 0.009285714285714286 0.02666666666666667
0 0.8953571428571429 0.2904761904761905 0.009285714285714286 0.02857142857142857
0 0.8946428571428572 0.27714285714285714 0.010714285714285714 0.022857142857142857
0 0.9417857142857143 0.2138095238095238 0.012142857142857143 0.025714285714285714
0 0.8989285714285714 0.21285714285714286 0.009285714285714286 0.023809523809523808
0 0.9910714285714286 0.1523809523809524 0.009285714285714286 0.024761904761904763
0 0.04 0.19904761904761906 0.011428571428571429 0.02095238095238095
0 0.04857142857142857 0.1980952380952381 0.011428571428571429 0.022857142857142857
0 0.08 0.22952380952380952 0.015714285714285715 0.030476190476190476
0 0.08714285714285715 0.22285714285714286 0.012857142857142857 0.030476190476190476
0 0.135 0.22047619047619046 0.011428571428571429 0.021904761904761906
0 0.14214285714285715 0.2138095238095238 0.01 0.02761904761904762
0 0.18392857142857144 0.21142857142857144 0.009285714285714286 0.022857142857142857
0 0.18964285714285714 0.2061904761904762 0.012142857142857143 0.025714285714285714
0 0.21035714285714285 0.2057142857142857 0.009285714285714286 0.022857142857142857
0 0.22892857142857143 0.2061904761904762 0.007857142857142858 0.021904761904761906
0 0.23285714285714285 0.19857142857142857 0.007142857142857143 0.018095238095238095
0 0.26785714285714285 0.17095238095238094 0.007142857142857143 0.02
