0 0.54 0.011904761904761904 0.004285714285714286 0.012380952380952381
0 0.5446428571428571 0.01 0.0035714285714285713 0.018095238095238095
0 0.4717857142857143 0.10571428571428572 0.0064285714285714285 0.02095238095238095
0 0.4757142857142857 0.09714285714285714 0.005714285714285714 0.01904761904761905
0 0.4417857142857143 0.10380952380952381 0.005 0.01904761904761905
0 0.3942857142857143 0.11095238095238096 0.005714285714285714 0.02
0 0.4471428571428571 0.10428571428571429 0.004285714285714286 0.02
0 0.4317857142857143 0.1261904761904762 0.0064285714285714285 0.010476190476190476
0 0.36642857142857144 0.12666666666666668 0.005714285714285714 0.024761904761904763
0 0.012142857142857143 0.3914285714285714 0.014285714285714285 0.024761904761904763
0 0.011428571428571429 0.37714285714285717 0.012857142857142857 0.024761904761904763
0 0.29892857142857143 0.36523809523809525 0.009285714285714286 0.025714285714285714
0 0.31892857142857145 0.3319047619047619 0.009285714285714286 0.021904761904761906
0 0.32071428571428573 0.3466666666666667 0.01 0.02666666666666667
0 0.3467857142857143 0.3261904761904762 0.007857142857142858 0.023809523809523808
0 0.3242857142857143 0.25666666666666665 0.007142857142857143 0.02
0 0.3467857142857143 0.2623809523809524 0.009285714285714286 0.023809523809523808
0 0.34714285714285714 0.24 0.01 0.022857142857142857
0 0.4010714285714286 0.2195238095238095 0.0064285714285714285 0.023809523809523808
0 0.4067857142857143 0.2057142857142857 0.0064285714285714285 0.022857142857142857
0 0.42857142857142855 0.19904761904761906 0.005714285714285714 0.024761904761904763
0 0.45321428571428574 0.2019047619047619 0.0064285714285714285 0.02095238095238095
0 0.4642857142857143 0.15523809523809523 0.005714285714285714 0.015238095238095238
0 0.4657142857142857 0.14761904761904762 0.008571428571428572 0.015238095238095238
0 0.49214285714285716 0.13 0.007142857142857143 0.014285714285714285
0 0.7696428571428572 0.02142857142857143 0.0064285714285714285 0.01619047619047619
0 0.7482142857142857 0.022857142857142857 0.0064285714285714285 0.015238095238095238
0 0.8242857142857143 0.12428571428571429 0.007142857142857143 0.018095238095238095
0 0.8175 0.1280952380952381 0.007857142857142858 0.02
0 0.7853571428571429 0.1295238095238095 0.005 0.02095238095238095
0 0.7996428571428571 0.12476190476190477 0.007857142857142858 0.02095238095238095
0 0.6432142857142857 0.11523809523809524 0.005 0.01904761904761905
0 0.6225 0.11952380952380952 0.0035714285714285713 0.02
0 0.5878571428571429 0.12285714285714286 0.004285714285714286 0.02095238095238095
0 0.6128571428571429 0.11333333333333333 0.007142857142857143 0.015238095238095238
0 0.6153571428571428 0.1219047619047619 0.0064285714285714285 0.009523809523809525
0 0.6232142857142857 0.14 0.005 0.01904761904761905
0 0.6160714285714286 0.13904761904761906 0.005 0.015238095238095238
0 0.6121428571428571 0.12714285714285714 0.005714285714285714 0.010476190476190476
0 0.6014285714285714 0.1261904761904762 0.008571428571428572 0.012380952380952381
0 0.6007142857142858 0.13714285714285715 0.007142857142857143 0.013333333333333334
0 0.5921428571428572 0.15095238095238095 0.005714285714285714 0.025714285714285714
0 0.5467857142857143 0.23 0.0064285714285714285 0.021904761904761906
0 0.5410714285714285 0.1657142857142857 0.005 0.024761904761904763
0 0.5317857142857143 0.10333333333333333 0.0064285714285714285 0.021904761904761906
0 0.5971428571428572 0.9614285714285714 0.011428571428571429 0.012380952380952381
