0 0.6082142857142857 0.44047619047619047 0.013571428571428571 0.040952380952380955
0 0.7235714285714285 0.3904761904761905 0.011428571428571429 0.02857142857142857
0 0.9146428571428571 0.5133333333333333 0.020714285714285713 0.08
0 0.9442857142857143 0.5247619047619048 0.027142857142857142 0.08190476190476191
0 0.8057142857142857 0.4657142857142857 0.02142857142857143 0.047619047619047616
0 0.4157142857142857 0.46 0.02 0.03619047619047619
0 0.8775 0.4642857142857143 0.019285714285714285 0.035238095238095235
0 0.24535714285714286 0.4585714285714286 0.016428571428571428 0.040952380952380955
0 0.21535714285714286 0.4247619047619048 0.015 0.04
0 0.16428571428571428 0.4552380952380952 0.02142857142857143 0.030476190476190476
0 0.08107142857142857 0.4738095238095238 0.02214285714285714 0.03333333333333333
0 0.06 0.4785714285714286 0.017142857142857144 0.029523809523809525
0 0.035 0.4880952380952381 0.02142857142857143 0.035238095238095235
0 0.007857142857142858 0.4961904761904762 0.015714285714285715 0.05904761904761905
