0 0.69975 0.491 0.0075 0.011333333333333334
0 0.7125 0.46 0.005 0.013333333333333334
0 0.68525 0.5586666666666666 0.0095 0.014666666666666666
0 0.6485 0.891 0.009 0.019333333333333334
0 0.65925 0.9016666666666666 0.0085 0.020666666666666667
0 0.6755 0.896 0.005 0.018666666666666668
0 0.64025 0.9296666666666666 0.0085 0.024666666666666667
0 0.57925 0.8523333333333334 0.0075 0.014
0 0.542 0.966 0.008 0.013333333333333334
0 0.39375 0.6836666666666666 0.0095 0.018
0 0.5935 0.693 0.006 0.019333333333333334
0 0.6695 0.48833333333333334 0.004 0.011333333333333334
0 0.665 0.502 0.005 0.010666666666666666
0 0.616 0.6346666666666667 0.004 0.014666666666666666
0 0.65925 0.529 0.0035 0.012666666666666666
0 0.6535 0.5446666666666666 0.005 0.013333333333333334
0 0.67875 0.5816666666666667 0.0045 0.014
0 0.66075 0.5833333333333334 0.0055 0.016
0 0.64175 0.584 0.0045 0.013333333333333334
0 0.47625 0.522 0.0045 0.010666666666666666
0 0.47725 0.5276666666666666 0.0035 0.01
0 0.451 0.5583333333333333 0.004 0.011333333333333334
0 0.452 0.578 0.005 0.013333333333333334
0 0.45425 0.5926666666666667 0.0045 0.013333333333333334
0 0.49625 0.5576666666666666 0.0045 0.012666666666666666
0 0.51775 0.48233333333333334 0.0045 0.008666666666666666
0 0.56375 0.37033333333333335 0.0035 0.01
0 0.61675 0.30933333333333335 0.0025 0.006666666666666667
0 0.613 0.31866666666666665 0.003 0.008
0 0.59375 0.349 0.0025 0.008666666666666666
0 0.58075 0.381 0.0035 0.008666666666666666
0 0.5705 0.388 0.003 0.009333333333333334
0 0.5535 0.41833333333333333 0.003 0.011333333333333334
0 0.679 0.42 0.003 0.012
0 0.43375 0.636 0.0045 0.017333333333333333
0 0.4285 0.644 0.005 0.014666666666666666
0 0.3945 0.6516666666666666 0.005 0.014
0 0.74225 0.5306666666666666 0.0045 0.013333333333333334
0 0.73775 0.5306666666666666 0.0035 0.014666666666666666
