0 0.5982142857142857 0.5 0.035 0.10476190476190476
0 0.6785714285714286 0.48095238095238096 0.02857142857142857 0.08952380952380952
0 0.6714285714285714 0.3514285714285714 0.027142857142857142 0.07809523809523809
0 0.5607142857142857 0.1880952380952381 0.011428571428571429 0.05047619047619047
0 0.7103571428571429 0.30904761904761907 0.025 0.06380952380952382
0 0.6446428571428572 0.2338095238095238 0.017857142857142856 0.04857142857142857
0 0.6489285714285714 0.24333333333333335 0.017857142857142856 0.037142857142857144
0 0.6653571428571429 0.1823809523809524 0.015 0.03333333333333333
0 0.5085714285714286 0.23666666666666666 0.017142857142857144 0.04666666666666667
0 0.7414285714285714 0.8342857142857143 0.07142857142857142 0.10666666666666667
0 0.37464285714285717 0.21 0.015 0.05047619047619047
0 0.48928571428571427 0.17714285714285713 0.01 0.03619047619047619
0 0.4235714285714286 0.18619047619047618 0.017142857142857144 0.040952380952380955
0 0.48428571428571426 0.1823809523809524 0.012857142857142857 0.039047619047619046
0 0.4739285714285714 0.15714285714285714 0.009285714285714286 0.02857142857142857
0 0.4617857142857143 0.16047619047619047 0.016428571428571428 0.03333333333333333
0 0.43785714285714283 0.16380952380952382 0.015714285714285715 0.03428571428571429
0 0.4228571428571429 0.14476190476190476 0.008571428571428572 0.024761904761904763
0 0.4117857142857143 0.13333333333333333 0.009285714285714286 0.022857142857142857
0 0.6435714285714286 0.12380952380952381 0.007142857142857143 0.02857142857142857
0 0.6378571428571429 0.11857142857142858 0.007142857142857143 0.029523809523809525
0 0.6185714285714285 0.11761904761904762 0.008571428571428572 0.02761904761904762
0 0.6239285714285714 0.11571428571428571 0.007857142857142858 0.03142857142857143
0 0.012857142857142857 0.20714285714285716 0.022857142857142857 0.04285714285714286
0 0.4392857142857143 0.10333333333333333 0.03 0.023809523809523808
0 0.20214285714285715 0.13380952380952382 0.01 0.035238095238095235
0 0.18285714285714286 0.14 0.01 0.03428571428571429
0 0.16428571428571428 0.1380952380952381 0.01 0.03428571428571429
0 0.15607142857142858 0.13904761904761906 0.012142857142857143 0.03428571428571429
0 0.14785714285714285 0.14047619047619048 0.011428571428571429 0.029523809523809525
0 0.1382142857142857 0.14238095238095239 0.010714285714285714 0.03142857142857143
0 0.12964285714285714 0.14238095238095239 0.009285714285714286 0.029523809523809525
0 0.12357142857142857 0.14 0.012857142857142857 0.03428571428571429
0 0.13357142857142856 0.13476190476190475 0.01 0.03142857142857143
0 0.14392857142857143 0.14333333333333334 0.010714285714285714 0.029523809523809525
0 0.14964285714285713 0.14 0.010714285714285714 0.03238095238095238
0 0.14964285714285713 0.13952380952380952 0.015 0.04285714285714286
0 0.15642857142857142 0.13523809523809524 0.012857142857142857 0.0380952380952381
0 0.16535714285714287 0.13523809523809524 0.010714285714285714 0.03428571428571429
0 0.17142857142857143 0.13380952380952382 0.01 0.035238095238095235
0 0.175 0.13428571428571429 0.01 0.03238095238095238
0 0.17964285714285713 0.1361904761904762 0.009285714285714286 0.03238095238095238
0 0.185 0.13714285714285715 0.01 0.03238095238095238
0 0.18535714285714286 0.13285714285714287 0.009285714285714286 0.035238095238095235
0 0.19892857142857143 0.13333333333333333 0.010714285714285714 0.03428571428571429
0 0.24678571428571427 0.11047619047619048 0.007857142857142858 0.022857142857142857
0 0.2639285714285714 0.11619047619047619 0.009285714285714286 0.022857142857142857
0 0.26107142857142857 0.11476190476190476 0.009285714285714286 0.021904761904761906
0 0.4421428571428571 0.03238095238095238 0.004285714285714286 0.011428571428571429
0 0.44857142857142857 0.028095238095238097 0.004285714285714286 0.006666666666666667
0 0.38821428571428573 0.04238095238095238 0.005 0.010476190476190476
0 0.39357142857142857 0.06333333333333334 0.004285714285714286 0.01619047619047619
0 0.5589285714285714 0.07952380952380952 0.007857142857142858 0.02
0 0.5878571428571429 0.047619047619047616 0.004285714285714286 0.015238095238095238
0 0.5821428571428572 0.047619047619047616 0.004285714285714286 0.015238095238095238
0 0.5767857142857142 0.05047619047619047 0.005 0.015238095238095238
0 0.6010714285714286 0.03238095238095238 0.0035714285714285713 0.013333333333333334
0 0.6046428571428571 0.030476190476190476 0.0035714285714285713 0.011428571428571429
