0 0.32285714285714284 0.7074873096446701 0.005714285714285714 0.0266497461928934
0 0.3314285714285714 0.633248730964467 0.004285714285714286 0.02284263959390863
0 0.3475 0.49428934010152287 0.005 0.01903553299492386
0 0.36964285714285716 0.4143401015228426 0.0035714285714285713 0.01649746192893401
0 0.3717857142857143 0.43274111675126903 0.0035714285714285713 0.015228426395939087
0 0.37357142857142855 0.4035532994923858 0.002857142857142857 0.015228426395939087
0 0.37535714285714283 0.40545685279187815 0.002142857142857143 0.013959390862944163
0 0.5 0.17703045685279187 0.0014285714285714286 0.011421319796954314
0 0.5039285714285714 0.17449238578680204 0.002142857142857143 0.011421319796954314
0 0.5842857142857143 0.15101522842639595 0.002857142857142857 0.01015228426395939
0 0.6575 0.1351522842639594 0.002142857142857143 0.011421319796954314
0 0.5378571428571428 0.16307106598984772 0.0014285714285714286 0.011421319796954314
0 0.5353571428571429 0.16307106598984772 0.002142857142857143 0.008883248730964468
