0 0.44 0.047142857142857146 0.004285714285714286 0.021904761904761906
0 0.4357142857142857 0.07761904761904762 0.005714285714285714 0.018095238095238095
0 0.4207142857142857 0.09 0.01 0.018095238095238095
0 0.4175 0.10666666666666667 0.007857142857142858 0.013333333333333334
0 0.4014285714285714 0.12857142857142856 0.008571428571428572 0.02666666666666667
0 0.3217857142857143 0.18 0.007857142857142858 0.024761904761904763
0 0.43 0.13380952380952382 0.008571428571428572 0.023809523809523808
0 0.4142857142857143 0.19428571428571428 0.008571428571428572 0.02095238095238095
0 0.3992857142857143 0.17523809523809525 0.008571428571428572 0.024761904761904763
0 0.39035714285714285 0.17857142857142858 0.009285714285714286 0.021904761904761906
0 0.38535714285714284 0.18666666666666668 0.007857142857142858 0.022857142857142857
0 0.3975 0.21 0.0064285714285714285 0.023809523809523808
0 0.38857142857142857 0.20714285714285716 0.008571428571428572 0.023809523809523808
0 0.36428571428571427 0.25857142857142856 0.007142857142857143 0.02
0 0.36428571428571427 0.24333333333333335 0.007142857142857143 0.025714285714285714
0 0.4692857142857143 0.08428571428571428 0.008571428571428572 0.025714285714285714
0 0.5285714285714286 0.1019047619047619 0.007142857142857143 0.022857142857142857
0 0.42607142857142855 0.007142857142857143 0.007857142857142858 0.014285714285714285
0 0.5346428571428572 0.008095238095238095 0.0064285714285714285 0.01619047619047619
0 0.565 0.023809523809523808 0.008571428571428572 0.017142857142857144
0 0.5771428571428572 0.02619047619047619 0.005714285714285714 0.010476190476190476
0 0.6071428571428571 0.023333333333333334 0.01 0.018095238095238095
0 0.6110714285714286 0.011904761904761904 0.0064285714285714285 0.02
0 0.6182142857142857 0.011904761904761904 0.0064285714285714285 0.018095238095238095
0 0.7696428571428572 0.018095238095238095 0.009285714285714286 0.024761904761904763
0 0.8396428571428571 0.05380952380952381 0.007857142857142858 0.023809523809523808
0 0.6539285714285714 0.06904761904761905 0.0064285714285714285 0.018095238095238095
0 0.6457142857142857 0.04238095238095238 0.007142857142857143 0.01619047619047619
0 0.6378571428571429 0.03619047619047619 0.007142857142857143 0.022857142857142857
0 0.6460714285714285 0.03761904761904762 0.0064285714285714285 0.021904761904761906
0 0.5482142857142858 0.04523809523809524 0.0064285714285714285 0.018095238095238095
0 0.5235714285714286 0.1657142857142857 0.005714285714285714 0.024761904761904763
0 0.5775 0.10142857142857142 0.007857142857142858 0.018095238095238095
0 0.5932142857142857 0.16428571428571428 0.0064285714285714285 0.023809523809523808
0 0.5153571428571428 0.9752380952380952 0.015 0.022857142857142857
0 0.27285714285714285 0.8466666666666667 0.014285714285714285 0.017142857142857144
0 0.2517857142857143 0.8709523809523809 0.016428571428571428 0.018095238095238095
0 0.2357142857142857 0.8652380952380953 0.018571428571428572 0.012380952380952381
0 0.15535714285714286 0.8228571428571428 0.017857142857142856 0.011428571428571429
0 0.1432142857142857 0.7833333333333333 0.019285714285714285 0.012380952380952381
0 0.12285714285714286 0.78 0.02 0.013333333333333334
0 0.12607142857142858 0.7476190476190476 0.019285714285714285 0.015238095238095238
0 0.14892857142857144 0.7285714285714285 0.02214285714285714 0.015238095238095238
0 0.15357142857142858 0.670952380952381 0.017142857142857144 0.023809523809523808
0 0.16535714285714287 0.6666666666666666 0.010714285714285714 0.02857142857142857
0 0.15428571428571428 0.6419047619047619 0.017142857142857144 0.013333333333333334
0 0.23607142857142857 0.5833333333333334 0.013571428571428571 0.01619047619047619
0 0.36678571428571427 0.44047619047619047 0.009285714285714286 0.012380952380952381
0 0.5275 0.45 0.0064285714285714285 0.021904761904761906
0 0.47928571428571426 0.43047619047619046 0.008571428571428572 0.01904761904761905
0 0.4907142857142857 0.44047619047619047 0.008571428571428572 0.023809523809523808
0 0.5982142857142857 0.22285714285714286 0.007857142857142858 0.024761904761904763
0 0.5857142857142857 0.22714285714285715 0.011428571428571429 0.02761904761904762
0 0.5707142857142857 0.23952380952380953 0.008571428571428572 0.025714285714285714
0 0.5667857142857143 0.3171428571428571 0.009285714285714286 0.02666666666666667
0 0.5214285714285715 0.49333333333333335 0.008571428571428572 0.01904761904761905
0 0.5507142857142857 0.5366666666666666 0.008571428571428572 0.021904761904761906
0 0.5025 0.6123809523809524 0.007857142857142858 0.01904761904761905
0 0.5364285714285715 0.6395238095238095 0.01 0.014285714285714285
0 0.24714285714285714 0.731904761904762 0.012857142857142857 0.018095238095238095
0 0.24571428571428572 0.7119047619047619 0.015714285714285715 0.02
0 0.9885714285714285 0.0380952380952381 0.01 0.022857142857142857
0 0.9678571428571429 0.056666666666666664 0.015714285714285715 0.021904761904761906
