0 0.06035714285714286 0.4719047619047619 0.03642857142857143 0.029523809523809525
0 0.1382142857142857 0.2866666666666667 0.023571428571428573 0.03428571428571429
0 0.13535714285714287 0.3404761904761905 0.016428571428571428 0.023809523809523808
0 0.2092857142857143 0.21714285714285714 0.02 0.04
0 0.1925 0.19428571428571428 0.019285714285714285 0.0380952380952381
0 0.026071428571428572 0.3880952380952381 0.02214285714285714 0.025714285714285714
0 0.0525 0.3638095238095238 0.03214285714285714 0.03428571428571429
0 0.03214285714285714 0.3461904761904762 0.02857142857142857 0.039047619047619046
0 0.09857142857142857 0.44095238095238093 0.025714285714285714 0.02857142857142857
0 0.39321428571428574 0.07571428571428572 0.013571428571428571 0.040952380952380955
0 0.4685714285714286 0.08047619047619048 0.017142857142857144 0.03142857142857143
0 0.4610714285714286 0.009047619047619047 0.013571428571428571 0.018095238095238095
