0 0.12428571428571429 0.33185279187817257 0.01 0.0266497461928934
0 0.23285714285714285 0.19416243654822335 0.008571428571428572 0.027918781725888325
0 0.40714285714285714 0.4302030456852792 0.005714285714285714 0.030456852791878174
0 0.41214285714285714 0.43083756345177665 0.005714285714285714 0.02918781725888325
0 0.31642857142857145 0.4447969543147208 0.008571428571428572 0.031725888324873094
0 0.4135714285714286 0.32741116751269034 0.007142857142857143 0.030456852791878174
0 0.40785714285714286 0.309010152284264 0.007142857142857143 0.0266497461928934
0 0.40464285714285714 0.31218274111675126 0.0064285714285714285 0.025380710659898477
0 0.24964285714285714 0.9784263959390863 0.010714285714285714 0.03553299492385787
0 0.2175 0.9860406091370558 0.015 0.025380710659898477
0 0.42857142857142855 0.04060913705583756 0.005714285714285714 0.017766497461928935
