0 0.19453125 0.6733009708737864 0.1734375 0.3388349514563107
0 0.19505208333333332 0.670873786407767 0.1703125 0.3378640776699029
0 0.13463541666666667 0.5097087378640777 0.12447916666666667 0.26796116504854367
0 0.13489583333333333 0.5106796116504855 0.12395833333333334 0.26990291262135924
0 0.14348958333333334 0.42524271844660194 0.11822916666666666 0.2815533980582524
0 0.1453125 0.42524271844660194 0.11145833333333334 0.2815533980582524
0 0.26588541666666665 0.20436893203883494 0.0578125 0.14854368932038836
0 0.2669270833333333 0.20776699029126214 0.05572916666666667 0.1436893203883495
0 0.33177083333333335 0.15776699029126215 0.07604166666666666 0.15048543689320387
0 0.33177083333333335 0.141747572815534 0.07083333333333333 0.13009708737864079
