0 0.54296875 0.6153333333333333 0.2109375 0.43866666666666665
0 0.4859375 0.382 0.1375 0.44133333333333336
0 0.79375 0.43866666666666665 0.1125 0.344
0 0.658203125 0.38866666666666666 0.10859375 0.3933333333333333
0 0.752734375 0.21933333333333332 0.09453125 0.108
0 0.485546875 0.38333333333333336 0.13359375 0.436
0 0.792578125 0.43866666666666665 0.11328125 0.34933333333333333
0 0.543359375 0.6186666666666667 0.21015625 0.43733333333333335
0 0.753515625 0.218 0.09296875 0.11066666666666666
0 0.65546875 0.386 0.103125 0.388
