0 0.296875 0.6753333333333333 0.121875 0.36933333333333335
0 0.437109375 0.412 0.09453125 0.3413333333333333
0 0.29765625 0.6753333333333333 0.125 0.36666666666666664
0 0.825390625 0.6053333333333333 0.17109375 0.35733333333333334
0 0.435546875 0.41333333333333333 0.09296875 0.34933333333333333
0 0.760546875 0.44066666666666665 0.13359375 0.396
0 0.747265625 0.22066666666666668 0.08828125 0.116
0 0.74765625 0.222 0.0859375 0.11066666666666666
0 0.760546875 0.44466666666666665 0.13515625 0.404
0 0.825390625 0.6066666666666667 0.17265625 0.36
