0 0.6015625 0.33 0.078125 0.348
0 0.6984375 0.7513333333333333 0.1234375 0.32666666666666666
0 0.698828125 0.75 0.11953125 0.32133333333333336
0 0.749609375 0.4246666666666667 0.14609375 0.38533333333333336
0 0.750390625 0.42133333333333334 0.13984375 0.37866666666666665
0 0.600390625 0.3293333333333333 0.07890625 0.3466666666666667
0 0.85 0.6046666666666667 0.1703125 0.36666666666666664
0 0.74453125 0.216 0.075 0.112
0 0.74453125 0.218 0.075 0.10533333333333333
0 0.851171875 0.6053333333333333 0.17265625 0.368
