0 0.83515625 0.8346666666666667 0.203125 0.25333333333333335
0 0.85 0.6913333333333334 0.1703125 0.356
0 0.778125 0.4713333333333333 0.1359375 0.4146666666666667
0 0.769140625 0.22933333333333333 0.07890625 0.09066666666666667
0 0.660546875 0.3453333333333333 0.11796875 0.304
0 0.659765625 0.342 0.11484375 0.308
0 0.76875 0.226 0.0796875 0.092
0 0.77734375 0.4666666666666667 0.1390625 0.41333333333333333
0 0.8515625 0.6906666666666667 0.171875 0.36533333333333334
0 0.83828125 0.836 0.2078125 0.264
