0 0.423828125 0.616 0.13203125 0.38133333333333336
0 0.819921875 0.724 0.17734375 0.3893333333333333
0 0.4265625 0.6133333333333333 0.125 0.37866666666666665
0 0.848828125 0.5173333333333333 0.16484375 0.30666666666666664
0 0.745703125 0.21666666666666667 0.11171875 0.11066666666666666
0 0.82109375 0.7206666666666667 0.178125 0.38533333333333336
0 0.59609375 0.284 0.078125 0.32266666666666666
0 0.849609375 0.5166666666666667 0.16484375 0.30533333333333335
0 0.59609375 0.284 0.071875 0.30933333333333335
0 0.745703125 0.21666666666666667 0.11328125 0.11333333333333333
