0 0.588671875 0.6453333333333333 0.14296875 0.3973333333333333
0 0.738671875 0.5253333333333333 0.13359375 0.384
0 0.8125 0.44733333333333336 0.125 0.3586666666666667
0 0.698046875 0.26266666666666666 0.10390625 0.21066666666666667
0 0.53046875 0.376 0.0765625 0.4026666666666667
0 0.587890625 0.6453333333333333 0.14140625 0.4026666666666667
0 0.5296875 0.37733333333333335 0.0796875 0.4026666666666667
0 0.7375 0.528 0.1296875 0.38666666666666666
0 0.696875 0.26066666666666666 0.10625 0.20933333333333334
0 0.81015625 0.44466666666666665 0.13125 0.3586666666666667
