0 0.29453125 0.714 0.140625 0.27066666666666667
0 0.587890625 0.278 0.06328125 0.31066666666666665
0 0.29375 0.7146666666666667 0.1359375 0.2693333333333333
0 0.780078125 0.42866666666666664 0.13828125 0.388
0 0.58984375 0.282 0.0625 0.316
0 0.73984375 0.218 0.075 0.12133333333333333
0 0.73828125 0.224 0.0734375 0.11466666666666667
0 0.83984375 0.7086666666666667 0.1671875 0.38533333333333336
0 0.780078125 0.428 0.13671875 0.38133333333333336
0 0.8390625 0.6966666666666667 0.1640625 0.3506666666666667
