0 0.58203125 0.338 0.06875 0.35333333333333333
0 0.75859375 0.22 0.1078125 0.11466666666666667
0 0.8109375 0.4593333333333333 0.1328125 0.38266666666666665
0 0.67109375 0.7713333333333333 0.1234375 0.332
0 0.515234375 0.6426666666666667 0.13203125 0.37333333333333335
0 0.5171875 0.644 0.1296875 0.37066666666666664
0 0.575 0.3393333333333333 0.084375 0.356
0 0.75859375 0.218 0.109375 0.11333333333333333
0 0.808203125 0.458 0.13515625 0.37733333333333335
0 0.6703125 0.7686666666666667 0.125 0.3293333333333333
