0 0.540234375 0.426 0.09296875 0.33466666666666667
0 0.562109375 0.6746666666666666 0.08984375 0.33866666666666667
0 0.562109375 0.6753333333333333 0.08984375 0.33466666666666667
0 0.69765625 0.26 0.1 0.208
0 0.5390625 0.4146666666666667 0.09375 0.32
0 0.705859375 0.552 0.11796875 0.352
0 0.70625 0.55 0.1171875 0.35333333333333333
0 0.807421875 0.45 0.12734375 0.3426666666666667
0 0.806640625 0.4513333333333333 0.12421875 0.3453333333333333
0 0.698046875 0.25933333333333336 0.10078125 0.20933333333333334
