0 0.43828125 0.3993333333333333 0.1046875 0.3586666666666667
0 0.87890625 0.8186666666666667 0.171875 0.32
0 0.767578125 0.436 0.10390625 0.3893333333333333
0 0.623828125 0.30333333333333334 0.11328125 0.35333333333333333
0 0.746484375 0.21866666666666668 0.09453125 0.112
0 0.623046875 0.30533333333333335 0.11171875 0.34933333333333333
0 0.766796875 0.436 0.10390625 0.392
0 0.439453125 0.4 0.10546875 0.3546666666666667
0 0.74609375 0.21666666666666667 0.096875 0.108
0 0.887109375 0.8153333333333334 0.18828125 0.32666666666666666
